GATE_SI_TM: 983,2744,48,35
GATE_SB_TM: 115,4383,48,35
TM_C20: 914,2753,64,39
TM_C19: 899,2793,64,39
TM_C18: 968,2781,119,81
TM_C27: 984,4912,64,37
TM_C21: 1017,518,64,116
TM_C17: 1010,2861,66,123
TM_S01: 895,2829,64,37
TM_C16: 1007,2984,118,39
TM_C15: 932,2983,73,38
TM_C24: 884,4967,64,80
TM_C23: 959,5037,171,37
TM_C26: 937,4895,64,37
TM_C25: 884,4880,64,85
TM_C14: 879,5153,48,39
TM_C11: 776,5179,64,37
TM_C12: 867,5184,48,37
TM_C10: 1089,3019,122,118
TM_C07: 968,3141,119,40
TM_C09: 1029,5230,116,37
TM_C22: 1161,5244,34,15
TM_C08: 775,5224,195,40
TM_C06: 849,3153,122,37
TM_C28: 883,4841,64,40
TM_C05: 740,3161,119,37
TM_C13: 806,4980,66,199
TM_C29: 942,496,51,80
TM_C30: 1019,475,56,39
TM_B05: 760,3196,67,114
TM_S02: 815,3290,31,13
TM_B06: 856,3195,42,41
TM_B12: 846,3234,64,39
TM_B04: 707,3325,119,80
TM_B03: 765,3417,67,123
TM_B02: 786,3546,70,164
TM_B01: 842,3712,64,114
TM_A03: 841,3815,64,80
TM_A06: 690,5846,174,116
TM_A02: 840,3899,64,234
TM_A01: 841,4144,64,124
TM_S03: 851,6067,64,37
TM_A05: 902,3555,46,114
TM_A04: 889,3687,64,123
TM_B07: 894,3517,64,37
TM_B08: 919,3310,64,192
TM_B10: 844,1190,64,37
TM_B11: 843,1099,64,80
TM_B09: 919,3230,64,80
TM_B13: 855,1066,64,37
TM_S09: 864,1042,48,37
TM_B14: 872,987,64,80
TM_B15: 873,875,64,80
TM_C01: 710,2925,125,129
TM_C02: 700,2888,240,38
TM_S04: 838,2922,31,7
TM_B16: 872,688,64,189
TM_C03: 763,2747,64,123
TM_C04: 821,553,116,80
TM_D11: 881,425,48,114
TM_D11C: 952,415,48,37
TM_D12: 1024,234,48,222
TM_D13: 909,4590,48,37
TM_D17: 841,2559,48,37
TM_D02: 789,2654,64,80
TM_D10: 664,2583,168,75
TM_D03: 726,2547,116,37
TM_D07: 825,2483,163,76
TM_D08: 1015,2508,156,37
TM_S05: 1100,4649,48,37
TM_D14: 934,4650,48,37
TM_D18: 669,2509,100,37
TM_D04: 557,2509,108,149
TM_D01: 489,2620,54,37
TM_D06: 234,2508,318,37
TM_D05: 376,4642,48,37
TM_D15: 880,4404,50,199
TM_D16: 813,4427,48,37
TM_D09: 489,2413,48,80
TM_E01: 520,2327,268,71
TM_D19: 757,271,48,114
TM_E03: 301,2326,205,37
TM_E02: 358,2366,32,84
TM_E04: 70,2329,218,35
TM_E09: 206,4460,48,37
TM_E05: 16,4355,48,154
TM_E08: 60,4375,48,37
TM_S06: 10,4496,48,37
TM_E06: 642,4408,48,37
TM_E19: 695,4412,48,37
TM_E13: 705,4327,152,37
TM_E14: 882,4288,48,78
TM_S08: 951,4302,48,37
TM_E16: 1008,2207,48,76
TM_E17: 1090,2250,48,37
TM_F01: 1182,2249,152,37
TM_F03: 1443,2243,48,78
TM_F05: 1500,2232,48,37
TM_F02: 1375,2286,48,37
TM_F04: 1524,2277,48,37
TM_F08: 1566,2322,48,37
TM_F10: 1572,2258,48,37
TM_E12: 1039,154,104,80
TM_F06: 1142,156,207,37
TM_F07: 1332,196,354,37
TM_F11: 1641,233,48,37
TM_S07: 1694,224,48,37
TM_E07: 1516,2235,48,37
TM_BROKENGATE: 1792,198,48,35
TM_F09: 1688,191,100,37
GATE_O7_TM: 182,2510,48,35
