GATE_SI_TM: 983,2979,48,35
GATE_SB_TM: 115,4855,48,35
TM_C20: 914,2989,64,39
TM_C19: 899,3029,64,39
TM_C18: 968,3017,119,81
TM_C27: 984,5383,64,37
TM_C21: 1017,518,64,116
TM_C17: 1010,3097,66,123
TM_S01: 895,3065,64,37
TM_C16: 1007,3220,118,39
TM_C15: 932,3219,73,38
TM_C24: 884,5439,64,80
TM_C23: 960,5509,171,37
TM_C26: 937,5366,64,37
TM_C25: 884,5352,64,85
TM_C14: 879,5625,48,39
TM_C11: 776,5651,64,37
TM_C12: 867,5655,48,37
TM_C10: 1089,3255,122,118
TM_C07: 969,3377,119,40
TM_C09: 1029,5701,116,37
TM_C22: 1161,5716,34,15
TM_C08: 775,5696,195,40
TM_C06: 849,3388,122,37
TM_C28: 883,5313,64,40
TM_C05: 740,3397,119,37
TM_C13: 806,5452,66,199
TM_C29: 942,496,51,80
TM_C30: 1019,474,56,39
TM_B05: 760,3432,67,114
TM_S02: 816,3526,31,13
TM_B06: 856,3431,42,41
TM_B12: 846,3469,64,39
TM_B04: 708,3561,119,80
TM_B03: 766,3652,67,123
TM_B02: 786,3782,70,164
TM_B01: 842,3948,64,114
TM_A03: 841,4051,64,80
TM_A06: 690,6318,174,116
TM_A02: 840,4135,64,234
TM_S03: 851,6539,64,37
TM_A05: 902,3791,46,114
TM_A04: 889,3922,64,123
TM_B07: 894,3752,64,37
TM_B08: 919,3546,64,192
TM_B10: 844,1189,64,37
TM_B11: 843,1099,64,80
TM_B09: 919,3466,64,80
TM_B13: 855,1066,64,37
TM_S09: 864,1042,48,37
TM_B14: 872,987,64,80
TM_B15: 873,875,64,80
TM_C01: 711,3161,125,129
TM_C02: 700,3124,240,38
TM_S04: 838,3158,31,7
TM_B16: 872,687,64,189
TM_C03: 763,2982,64,123
TM_C04: 821,553,116,80
TM_D11: 881,425,48,114
TM_D11C: 952,414,48,37
TM_D12: 1024,234,48,222
TM_D13: 909,5061,48,37
TM_D17: 841,2794,48,37
TM_D02: 789,2890,64,80
TM_D10: 664,2818,168,75
TM_D03: 726,2783,116,37
TM_D07: 825,2720,163,76
TM_D08: 1015,2744,156,37
TM_S05: 1100,5121,48,37
TM_D14: 934,5122,48,37
TM_D18: 669,2744,100,37
TM_D04: 557,2744,108,149
TM_D01: 489,2856,54,37
TM_D06: 236,2743,318,37
TM_D05: 378,5113,48,37
TM_D15: 880,4875,50,199
TM_D16: 813,4899,48,37
TM_D09: 489,2649,48,80
TM_E01: 520,2562,268,71
TM_D19: 757,271,48,114
TM_E03: 302,2562,205,37
TM_E02: 358,2602,32,84
TM_E04: 70,2564,218,35
TM_E09: 206,4932,48,37
TM_E05: 16,4827,48,154
TM_E08: 60,4847,48,37
TM_S06: 10,4968,48,37
TM_E06: 642,4879,48,37
TM_E19: 695,4883,48,37
TM_E13: 705,4798,152,37
TM_E14: 882,4760,48,78
TM_S08: 951,4773,48,37
TM_E16: 1008,2443,48,76
TM_E17: 1090,2486,48,37
TM_F01: 1182,2484,152,37
TM_F03: 1443,2479,48,78
TM_F05: 1500,2468,48,37
TM_F02: 1375,2521,48,37
TM_F04: 1524,2513,48,37
TM_F08: 1566,2558,48,37
TM_F10: 1572,2494,48,37
TM_E12: 1039,154,104,80
TM_F06: 1142,156,207,37
TM_F07: 1332,196,354,37
TM_F11: 1641,233,48,37
TM_S07: 1694,223,48,37
TM_E07: 1516,2471,48,37
TM_SPEAREND: 841,4505,64,235
TM_A01spear: 841,4380,64,124
TM_BROKENGATE: 1793,198,48,35
TM_F09: 1688,191,100,37
GATE_O7_TM: 184,2746,48,35
