Template: o7_settingstemplate_outside
Clouds: 0.2717391
Grime: 0.25
Palette: 30
EffectColorA: 14
PlacedObjects: InsectGroup><457.9126><610.3835><0~100~0~0~Beetle~0.173913, InsectGroup><1027.362><501.8552><0~100~0~0~StandardFly~0.2065217, DandelionPatch><264.3268><553.65><0~100, DandelionPatch><1025.141><416.6084><0~100, CustomDecal><383.3024><512.2809><-10~255~141~253~114~-10~-429~-269~0~1~0~rust3~0.2608696~0.8913044~0.5~0~0.1304348~0.5652174~0.5~0, CustomDecal><1095.199><464.2712><-26~206~137~234~135~14~-284~-167~0.173913~1~0~mutantrabbit~0.2608696~0.25~0.5~0~0.1847826~0.2282609~0.5~0, CustomDecal><244.0591><610.441><-66~142~275~172~298~17~-237~-336~0.173913~1~0~rkskull~0.6443956~0.5652174~1~0~0~0.6521739~0.5~0, CustomDecal><275.826><122.3486><-60~123~222~278~246~17~-335~71~0.1847826~1~0~greysnoopy~0.1304348~0.8260869~0.4456522~0~0.3478261~0.7826087~0.4456522~0.5978261, LightSource><658.3165><818.3297><0.3043478~Environment~-18~-369~-240~-189.3975~1~1~None~0~0, LightSource><1210.534><808.0529><0.173913~EffectColor1~-104~-140~-262~-210.3975~0~1~None~0~0, LightSource><856.6991><723.2687><0.173913~EffectColor1~-22~-165~-314~-291.3975~0~1~None~0~0, CustomDecal><183.651><294.4356><-8.537506~514.3111~1023.235~124.6222~615.5698~-249.6~-287.4292~15.64447~0~1~0~o7 - let go~0.7293366~1~0.07974409~1~0.2266759~1~0.1184105~1, CustomDecal><268.0893><46.13083><-14~394~906~459~758~0~-436~84.99998~0.7826087~1~0~o7 - clothover~0.5869565~0~0.5869565~0~0.5869565~0~0.5869565~0, CustomDecal><397.9999><70.00002><4~255~321~191~215~-22~-265~112~0.9347826~1~0~o7 - vegetablelunch~0.5~0.2934783~0.5978261~0.4021739~0.5~0.2934783~0.2065217~0.2934783, CustomDecal><447.9999><165><-32~194~348~271~312~87~-291~6.999985~0.8043478~1~0~alienletterb&w~0.423913~0.9347826~0.423913~0~0.423913~1~0.423913~0, LightSource><1022><814><0.2065217~Environment~-16~-357~-240~-189.3975~1~1~None~0~0, LanternOnStick><386.446><616.7102><-47~-117, 
AmbientSounds: SPOT><Basic Mech.wav><707.91><426.8799><0.2717391><1><960.9099><240.8799><-282.3553><-105.3553><0><0.1, 
FadePalette: 2, 0.5543478
