CeilingDrips: 0.2065217
Effects: SkyAndLightBloom-0.1086956-30-30, Darkness-0.2934783-40-40, 
PlacedObjects: CustomDecal><258.5417><699.8><-7.134369~625.8444~413.8969~631.5334~408.2052~-0.7333374~-414~307~0.3152174~1~0~o7 - theevilbird~1~0~1~0~1~0~1~0, CustomDecal><258.2396><699.6889><-7.134369~625.8444~413.8969~631.5334~408.2052~-0.7333374~-413~308~0.326087~1~0~o7 - theevilbird~1~0~1~0~1~0~1~0, SuperStructureFuses><33.16443><649.6139><57~296, SuperStructureFuses><824.1736><1234.599><82~138, DandelionPatch><96.60999><1007.893><0~100, DandelionPatch><565.389><332.3874><39~144, InsectGroup><306.3074><1221.304><0~100~0~0~Moth~0.1304348, InsectGroup><300.8386><402.868><0~100~0~0~StandardFly~0.1195652, LightSource><400.122><966.4034><0.3478261~Environment~17~196~50~86.60254~1~0~None~0~0, LightSource><391.3975><1126.385><0.4565217~Environment~31~306~50~86.60254~1~0~None~0~0, 
FadePalette: 2, 0.5543478, 0.5543478
MorePalette0: 3, 0.2065217, 0.2173913
