Effects: Darkness-0-30-30, SkyBloom-0.5978715-40-40, AboveCloudsView-1-64.22916-96.22222, 
PlacedObjects: CustomDecal><-111.8887><427.1068><-257.5479~173.6888~2118.881~174.4~2119.593~-18.48886~102.45~-297.9555~0.3015965~1~0~o7 - orange slop~0.373607~1~0.373607~1~0.373607~1~0.373607~1, LightSource><1503.41><271.7468><0.1880095~Environment~0.7114563~225.8667~50~86.60254~1~1~None~0~0, LightSource><1135.103><313.0374><0.4896061~Environment~-0.7114563~215.2~50~86.60254~1~1~None~0~0, LightSource><724.8376><317.8503><0.4432065~Environment~0.7114563~215.9111~50~86.60254~1~1~None~0~0, LightSource><348.3233><303.9926><0.3040075~Environment~-2.845825~217.3334~50~86.60254~1~1~None~0~0, LightSource><1513.636><379.7333><0.2962739~Environment~-2.134399~217.3334~50~86.60254~1~1~None~0~0, DandelionPatch><1099.633><135.3248><0~100, DandelionPatch><662.4928><133.5772><26.32397~131.2889, CustomDecal><561.3231><89.35075><-79.68329~77.68889~318.8917~102.5778~295.4136~6.400009~-304.5042~120.1777~0.2629302~1~0~greybubbly~0.5~0~0.314402~0.3943959~0.5~0~0.5~0, CustomDecal><1227.036><163.9433><-27.0354~129.6~269.801~32.17778~227.1135~-79.64445~-283.8719~-57.60002~0.1855979~1~0~squidsoup(b&w)~0.3298684~0.711458~0.5~0~0.2370698~0.3093297~0.5~0, InsectGroup><1180.504><278.9345><0~82.2222~0~0~Wasp~0.3453349, InsectGroup><1495.38><401.9946><5.69165~80.08887~0~0~Moth~0.1906705, InsectGroup><646.3688><368.3556><5.69165~80.08887~0~0~Moth~0.1906705, InsectGroup><716.3624><310.0553><0~61.60001~0~0~TinyDragonFly~0.2293363, CustomDecal><32.5213><114.4553><54.7823~453.1555~1152.009~446.7556~1139.915~-86.04445~246.1646~-202.6667~0~1~0~unq - plate3~0.1365376~1~0.1906705~1~0.05147188~1~0.1984034~1, CustomDecal><766.6052><116.0672><54.7823~453.1555~1152.009~446.7556~1139.915~-86.04445~246.1646~-202.6667~0~1~0~unq - plate3~0.1906705~1~0.09787153~1~0.1520041~1~0.09013798~1, 
FadePalette: 2, 0.3078691, 0.3078691
MorePalette0: 10, 0.1159986, 0.1159986
MorePalette1: 3, 0.3015966, 0.3093295
MorePalette2: 30, 0.05370231, 0.04283341
BackgroundOffset: 0,500
BackgroundType: atc_default_vanilla
