Template: o7_settingstemplate_rainins
RainIntensity: 0.518433
RumbleIntensity: 0.356035
Clouds: 0.1563857
Grime: 0.09782609
Effects: SkyBloom-0-30-30, Darkness-0-272-79, DayNight-1-20-20, 
PlacedObjects: DandelionPatch><643.6233><112.9774><0~100, DandelionPatch><197.0186><101.0222><11.3833~138.4, InsectGroup><563.862><428.8675><-0.7114868~86.48889~0~0~Wasp~0.2448034, CustomDecal><47.95627><92.40012><-83.24062~667.2~973.4332~625.2444~745.0552~-170.6667~-334.3854~12.8~0~1~0~unq - plate3~0.3040082~1~0.4200068~1~0.1880094~1~0.1338768~1, CustomDecal><297.9469><169.8445><-2.845825~332.2666~365.8478~341.5111~364.425~4.977783~-364.9781~-34.84441~0.317063~1~0~unq - plate4~0.6984034~0.2242641~0.8144024~0~0.6056048~0~1~0, CustomDecal><97.2735><192.5815><-37.70731~150.9333~58.49792~148.8~94.78229~-61.15555~315.8875~-3.555542~0.2861302~1~0~whitetag14(uglytag)~0.6082651~0~0.09013765~0.4639946~0.360802~0~0.5~0.3634624, LightSource><436.0503><302.3331><0.06427731~Environment~69.7229~161.1556~50~86.60254~1~1~None~0~0, LightSource><473.4266><416.9565><0.07304183~Environment~261.1052~92.17776~-179.801~-266.8197~1~1~None~0~0, InsectGroup><251.1798><213.4><0~100~0~0~Beetle~0.1984037, CustomDecal><412.2367><380.7693><-36.99585~126.7556~207.1927~49.24445~202.924~-89.60004~-281.026~-126.5778~0.3015968~1~0~whitetag12(bigo)~0.3194748~0.4175948~0.6210713~0~0.4045405~0.4021283~0.5128056~0, CustomDecal><76.58847><152.7236><-27.03543~686.4~771.3792~689.2444~750.7468~-22.04445~-9.960419~-61.15552~0~1~0~blackrust1~0.1288044~1~0.3298688~1~0.0592051~1~0.04373866~1, CustomDecal><557.2922><79.89286><-139.4459~247.6445~221.4219~298.1334~265.5323~12.08888~-450.3531~25.59999~0.649592~1~0~brainghosts~0.5~0.2783965~0.5~0~0.5~0.7269248~0.5~0, LightBeam><385.9296><266.0518><78.97186~488.7111~400.7094~472.3556~210.0386~-86.75555~-249.7219~-177.0667~0~0.2165308~0~1~None~0~0, LanternOnStick><271.4192><221.3566><-33~-145, DayNightSettings><218.8217><285.3133><5~8.660254~23~10, 
AmbientSounds: SPOT><AM_ENV-WallHum.ogg><715.9188><428.6828><0.5><1><870.9187><161.6828><-40.35535><-80.35535><0><0.1, SPOT><AM_ENV-WallHum.ogg><716.1983><428.4741><0.5><1><-0.8016968><370.4741><-129.3553><-33.35535><0><0.1, 
FadePalette: 2, 0.3264721
MorePalette0: 10, 0.115998
MorePalette1: 3, 0.3776836
MorePalette2: 30, 0.1063743
MorePalette3: 10, 0.1086956
BackgroundOffset: 0,-5000
