Clouds: 0.4673913
Grime: 0.01086957
BkgDroneVolume: 0
PlacedObjects: InsectGroup><311.9277><242.4365><0~79~0~0~Beetle~0.5, InsectGroup><415.801><229.4801><4~83~0~0~Beetle~0.5, InsectGroup><292.8281><225.3977><-1~77~0~0~Beetle~0.5, LightSource><394.8203><250.9122><0.2173913~Environment~0~100~50~86.60254~1~1~None~0~0, LightSource><323.8231><255.0933><0.2608696~Environment~0~100~50~86.60254~1~1~None~0~0, SuperStructureFuses><231.8008><358.2676><180~48, CustomDecal><219.0501><221.2443><119~48~323~93~375~-15~-291~75.99998~0.6630435~1~0~whitebigtag~0.3695652~0.6521739~0.3695652~0~0.3695652~0~0.3695652~0, CustomDecal><412.3152><227.0609><3~53~140~33~151~-7~-442~102~0.1956522~1~0~whitetag3q~0.5~0.7826087~0.5~0~0.5~0~0.5~0, CustomDecal><456.4233><223.1502><-38~70~165~84~138~12~98~131~0.2826087~1~0~whitetag3q~0.3695652~0.5760869~0.3695652~0~0.3695652~0~0.3695652~0, CustomDecal><178.4491><250.0193><0~40~483~105~403~-149~-313~-260~0.6304348~1~0~o7 - tree~0.1630435~1~0.1630435~1~0.1630435~1~0.1630435~1, 
AmbientSounds: SPOT><AM_IND-ElectricHum03.ogg><738.3786><268.5911><0.326087><1><-210.6214><267.5911><427.6447><-11.35535><0><0.1869567, 
FadePalette: 2, 0.6521739
MorePalette0: 3, 0.2826087
