Clouds: 0.2282609
Grime: 0.06521739
Effects: Darkness-0-297-18, SkyBloom-1-25-78, DayNight-1-30-30, 
PlacedObjects: CustomDecal><298.3158><168.1721><0~339~365~338~369~1~-309~-4~0.3152174~1~0~unq - plate3~0.5869565~0.3478261~0.8913044~0~0.5760869~0.06521739~1~0, LightSource><447.3297><380.1835><0.2934783~Environment~173~248~-426~-94.39746~1~1~None~0~0, InsectGroup><413.6877><238.0691><0~100~0~0~StandardFly~0.2065217, NeedleEgg><492.8014><431.0567><0~0~4~9, NeedleEgg><287.7141><474.4467><0~0~4~9, CustomDecal><54.20831><379.4456><-10~333~514~271~147~-362~242~-277~0~1~0~unq - plate5~0.04347826~1~0.423913~1~0.2391304~1~0.1413043~1, CustomDecal><455.9999><79.00001><246~444~629~377~446~-31~-275~-12~0~1~0~unq - plate4~0.5434783~1~0~1~0.2934783~1~0.3478261~1, CustomDecal><834.8083><72.69275><-97~107~41~216~66~103~-337~277~0.2717391~1~0~crudebubblyb&w~0.1521739~0~0.5~0.2934783~0.3043478~0~0.5~0.7608696, CustomDecal><327.3727><365.6579><10~111~105~90~65~-9~-484~-142~0~1~0~ghostling1~0.4673913~0.3586957~0.5~0~0.2717391~0~0.5~0, CustomDecal><59.38055><311.3485><-3~359~229~358~255~-135~335~-30~0.2717391~1~0~verticalmess~0.4347826~0.6086956~0.173913~0~0.1086956~1~0.2391304~0, DandelionPatch><598.0432><119.8047><0~100, DandelionPatch><220.9905><108.1998><0~100, HarmfulSteam><867.1414><357.3321><5~8.660254~0.2~0.6195652~0.3~-65~-40, DayNightSettings><221.6553><310.9261><5~8.660254~23~10, 
AmbientSounds: SPOT><AM_ENV-WallHum.ogg><723.3627><427.8954><0.5><1><23.36267><302.7762><-81.35535><-126.3553><0><0.1, SPOT><AM_ENV-WallHum.ogg><723.6997><427.7394><0.5><1><904.6997><250.7394><-70.35535><-110.3553><0><0.1, 
FadePalette: 2, 0.2934783
MorePalette0: 10, 0.2173913
MorePalette1: 3, 0.4021739
MorePalette2: 30, 0.06959932
