Template: o7_settingstemplate_outside
RainIntensity: 0.02319999
RumbleIntensity: 0
Clouds: 0.04347826
EffectColorA: 13
Effects: AboveCloudsView-1-20-20, DayNight-1-30-30, 
PlacedObjects: DayNightSettings><1499.529><248.7128><5~8.660254~23~10, CustomDecal><1516.918><31.33231><-2.845856~104.7111~575.7281~101.8667~572.8823~-1.422218~-375.65~61.86665~0~1~0~o7 - columndecal~0.5~0.3170629~0.5~0~0.5~0.06959932~0.5~0, SuperStructureFuses><1586.701><1143.456><77.70728~165.1556, SuperStructureFuses><1928.516><1143.219><77.70734~165.1555, SuperStructureFuses><1370.552><52.3885><72.01566~120.3555, SuperStructureFuses><2158.814><44.85791><79.84155~124.6223, DandelionPatch><1381.248><303.4664><0~100, DandelionPatch><1569.818><506.1704><0~81.51111, DandelionPatch><2117.963><322.6616><0~100, DandelionPatch><780.5267><1392.166><0~100, DandelionPeach><776.5107><1408.435><, DandelionPeach><719.3486><1403.553><, DandelionPeach><1418.26><341.9711><, DandelionPeach><2040.063><366.0543><, DandelionPeach><1339.421><308.3109><, CustomDecal><1468.955><316.1293><16.36353~147.3777~382.9229~87.64444~377.9427~-21.33331~-330.8281~-174.9333~0.28613~1~0~greenwhite(var)~0.7319973~0.57226~0.5~0~0.5~0~0.5309329~0.5490602, CustomDecal><2059.077><469.9635><-41.97607~263.2888~96.91663~213.5111~136.0469~26.31113~-323.0021~-147.2~0~1~0~mutantrabbit~0.09013831~0~0.5~0.9511891~0.5~0~0.5~0, CustomDecal><1344.753><1180.666><22.05522~146.6666~237.7854~87.64447~234.9396~-100.2667~-280.3146~-368.3556~0~1~0~wetwhite~0.2912025~0.7655908~0.09787145~0~0.4690671~1~0.21387~0, CustomDecal><2688.346><1281.814><17.78644~92.62222~187.2719~35.73332~160.2365~-61.15556~-350.749~-17.77777~0~1~0~whitejunkscribble~0.5~0.6109261~0.05147221~0~0.5~0.4717278~0.1210712~0, CustomDecal><1840.615><2247.887><14.94061~99.02222~264.1094~50.66663~150.9875~-2.133362~-482.3687~0.7111206~0~1~0~whitejunkspirals~0.5~1~0.2680027~0~0.5~0~0.5~0, InsectGroup><1093.596><510.0459><0~100~0~0~Moth~0.1210712, InsectGroup><2819.333><1511.359><0~100~0~0~StandardFly~0.1210712, DandelionPatch><2739.851><1383.556><7.114594~143.3778, DandelionPatch><1520.16><1940.707><0~100, InsectGroup><1374.673><2143.709><0~100~0~0~Wasp~0.1442709, CustomDecal><1569.2><2213.749><-109~123~323~175~306~40~-120~-302~0~1~0~yellowbubbly~0.2282609~0.4347826~0.1304348~0~0.2282609~0.2826087~0.1304348~0, 
FadePalette: 2, 0.4717278, 0.479461, 0.4794612, 0.4794612, 0.479461, 0.4717278, 0.4717279, 0.479461, 0.479461, 0.4685915
MorePalette0: 30, 0, 0, 0, 0, 0, 0, 0.2010644, 0.2010644, 0.2087973, 0.3015966
BackgroundOffset: 0,386.6643
BackgroundType: atc_default_vanilla
