RainIntensity: 0.4532156
RumbleIntensity: 0.2364698
Clouds: 0.05434782
Grime: 0.04347826
EffectColorA: 6
Effects: Flies-0.05434782-30-30, DayNight-1-50-50, 
PlacedObjects: LightSource><131.1553><378.4262><0.3478261~Environment~0~100~50~86.60254~1~1~None~0~0, LightSource><131.146><296.4208><0.3369563~Environment~0~100~50~86.60254~1~1~None~0~0, LightSource><825.1775><314.0636><0.3369565~Environment~0~100~50~86.60254~1~1~None~0~0, LightSource><824.194><381.058><0.3369563~Environment~0~100~50~86.60254~1~1~None~0~0, InsectGroup><261.826><297.685><-2~73~0~0~Moth~0.3369565, InsectGroup><736.7732><325.3013><4~73~0~0~Moth~0.2282608, DandelionPatch><744.0627><125.8101><-1~110, DandelionPatch><238.8458><163.8726><0~100, DandelionPatch><122.9214><370.1839><2~46, CustomDecal><91.18521><169.6745><-90~535~847~444~777~-104~-316~8~0~1~0~unq - plate3~0.2282609~1~0.1956522~1~0.5108696~1~0.4782609~1, CustomDecal><18.60498><142.8623><43~138~331~242~355~-2~-328~-44~0.4891304~1~0~chaoticb&w2~0.3152174~0~0.5~0.5326087~0.3043478~0~0.5~0, CustomDecal><-82.91412><218.8194><-20~516~1063~519~1068~19~329~-174~0~1~0~rustb1~0.2391304~1~0.5~1~0.326087~1~0.5~1, CustomDecal><277.0505><519.0148><-4~176~550~100~545~-145~-403~-249~0.5652174~1~0~crudegrey~0.5~0.5~0.5~0~0.5~0.9456522~0.5~0, CustomDecal><710.4905><399.0502><-16~78~142~120~163~33~-246~-513~0.3152174~1~0~whitetag9~0.2717391~0.5652174~0.5~0~0.5~0~0.326087~0, CustomDecal><140.8311><226.3572><23~114~120~94~79~-9~341~-8.000015~0~1~0~ghostling1~0.2173913~0.2608696~0.5~0~0.3695652~0.5326087~0.5~0, LightSource><519.8675><456.5881><0.1086956~Environment~10~171~55~-111.3975~1~1~None~0~0, LightSource><481.4008><369.5628><0.3427987~Environment~24~245~-269~-105.3975~1~1~None~0~0, CustomDecal><289.865><247.5575><0.7114868~337.9556~380.0771~337.2445~380.0771~-0.7110901~-539.9968~-86.75557~0.3247961~1~0~o7 - l zenala miku~0.8453352~0.3247963~1~0~0.8917346~0.5567936~1~0, CustomDecal><290.1208><246.2222><0.7114868~337.9556~380.0771~337.2445~380.0771~-0.7110901~-539.9968~-86.75557~0.3247961~1~0~o7 - l zenala miku~0.0927989~0.1391984~0.0927989~0.1391984~0.0927989~0.1391984~0.0927989~0.1391984, DayNightSettings><253.4495><259.7356><5~8.660254~23~10, 
AmbientSounds: OMNI><msc-ritualmetal.ogg><718.9846><199.9494><0.2065217><1, SPOT><msc-ritualmetal.ogg><196.0635><316.3223><0.423913><1><465.0635><432.3223><-98.35535><-192.3553><0><0.1, 
FadePalette: 2, 0.3582201
MorePalette0: 30, 0.04347826
