Grime: 0.1956522
EffectColorB: 2
Effects: Darkness-0-30-30, SkyBloom-1-40-40, 
PlacedObjects: LightSource><1070.439><395.4359><0.3043478~Environment~31~203~-242~70.60254~1~1~None~0~0, LightSource><1209.398><399.5789><0.3043478~Environment~94.81769~157.2222~-197~-178.3975~1~1~None~0~0, NeedleEgg><1054.071><471.0892><0~0~4~9, CustomDecal><1111.61><174.0833><11~165~501~107~487~-72~-392~-109~0.3586957~1~0~crudegrey~0.2934783~0.423913~0.5~0~0.3043478~0.3043478~0.5~0, InsectGroup><1080.917><390.3595><0~100~0~0~Beetle~0.3043478, CustomDecal><654.0967><292.6216><-2~362~100~365~76~5~-346~-316~0~1~0~cactusman~0.1630435~0.3804348~0.5~0~0.5~0.4891304~0.5~0, LightBeam><1397.153><213.7426><204.9~10.84445~211.4615~-20.44449~-4.110413~-44.0889~-255.4135~-46.93332~0.4309321~0.139198~0~1~None~0~0, LightBeam><1390.826><173.4667><204.9~10.84445~211.4615~-20.44449~-4.110413~-44.0889~-255.4135~-46.93332~0.4309321~0.139198~0~1~None~0~0, 
FadePalette: 2, 0.2934783, 0.2934783
MorePalette0: 10, 0.2173913, 0.2282609
MorePalette1: 3, 0.2551959, 0.2551959
