Clouds: 0.4673913
Grime: 0.08695652
EffectColorA: 6
EffectColorB: 2
Effects: Darkness-0-30-30, SkyBloom-0-43-93, 
PlacedObjects: LightSource><1074.439><394.4359><0.09782609~Environment~31~203~-242~70.60254~1~1~None~0~0, LightSource><1190.398><400.5789><0.1956522~Environment~94.81769~157.2222~-197~-178.3975~1~1~None~0~0, NeedleEgg><1382.071><395.0892><0~0~4~9, CustomDecal><948.61><149.0833><11~165~449~135~438~-31~-392~-109~0.4891304~1~0~crudegrey~0.2934783~0.423913~0.5~0~0.3043478~0.3043478~0.5~0, InsectGroup><1080.917><390.3595><0~100~0~0~Beetle~0.3043478, CustomDecal><654.0967><292.6216><-2~362~100~365~76~5~-346~-316~0~1~0~cactusman~0.1630435~0.3804348~0.5~0~0.5~0.4891304~0.5~0, LightBeam><1397.153><213.7426><204.9~10.84445~211.4615~-20.44449~-4.110413~-44.0889~-255.4135~-46.93332~0~0.139198~0~1~None~0~0, LightBeam><1390.826><173.4667><204.9~10.84445~211.4615~-20.44449~-4.110413~-44.0889~-255.4135~-46.93332~0~0.139198~0~1~None~0~0, CustomDecal><823.375><47.90611><-20~675~780~670~817~-35~-409~-1.999985~0~1~0~rust3~0.5~1~0.5~1~0.5~1~0.5~1, CustomDecal><1367.625><280.9058><-48~192~70~207~102~2~-423~-131~0.05434782~1~0~whitetag~0.326087~0.423913~0.5~0~0.4347826~0.3478261~0.5~0, DandelionPatch><961.6868><150.6789><0~100, DandelionPatch><1145.057><321.3046><9~70, 
AmbientSounds: SPOT><Mech Basic.wav><738.3065><359.5507><0.3913043><1><388.3065><323.5507><-174.3553><-337.3553><0><0.1, SPOT><AM_IND-ElectricHum01.ogg><463.0887><389.6793><0.5><1><1422.089><421.6793><-60.35535><-33.35535><0><0.1, 
FadePalette: 2, 0.2934783, 0.2934783
MorePalette0: 10, 0.2173913, 0.2282609
MorePalette1: 3, 0.353022, 0.353022
