Template: o7_settingstemplate_outside
RainIntensity: 0.367074
RumbleIntensity: 0.228091
Clouds: 0.1413043
BkgDroneVolume: 0
RandomItemSpearChance: 0.1891304
Effects: AboveCloudsView-1-20-20, DayNight-1-219-31, 
PlacedObjects: DayNightSettings><197.9244><239.848><5~8.660254~23~10, CustomDecal><493.3574><162.0691><0~349~371~349~369~0~-399~-156~0.2717391~0.6847826~0~unq - plate5~0.2065217~0.09782609~0.2065217~0~0.2065217~0.08695652~0.2065217~0, CustomDecal><493.1542><162><0~349~371~349~369~0~-399~-156~0.2717391~0.4347826~0~unq - plate5~1~0.09782609~0.7608696~0~1~0.08695652~0.7608696~0, CustomDecal><489><195><0~349~371~349~369~0~-397~-186~0.2717391~0.4347826~0~unq - plate5paint~0.1304348~1~0.1304348~1~0.1304348~1~0.1304348~1, SuperStructureFuses><845.4431><673.4323><84.82184~83.37781, SuperStructureFuses><433.6777><672.1384><77.70728~53.51111, SuperStructureFuses><251.1643><-60.27262><164.5052~59.2, LightSource><73.40463><714.7623><0.1211163~Environment~488.0605~-480.9778~50.71146~-329.3975~1~1~None~0~0, LightSource><1281.958><710.5511><0.2872951~Environment~-366.4011~-537.8666~-316.4011~-232.6863~1~1~None~0~0, DandelionPatch><424.4835><77.5507><0~100, DandelionPatch><1102.409><368.8718><0~100, DandelionPatch><45.46603><601.1971><0~100, CustomDecal><1252.357><84.41884><-3~171~148~172~162~-1~-315~0~0~1~0~ovu - citycolor~0.2173913~0~0.2173913~0~0.2173913~0~0.2173913~0, CustomDecal><-3.062469><460.31><6~167~225~194~218~5~148~-387~0.3043478~0.6413044~0~ovu - citycolor~0.4782609~0~0.4782609~0~0.4782609~0~0.4782609~0, InsectGroup><990.9163><498.1389><0~100~0~0~Wasp~0.2826087, InsectGroup><419.8657><437.1482><0~100~0~0~Moth~0.2826087, CustomDecal><156.8338><109.1113><21~196~377~90~267~-77~103~176~0.1847826~0.5543478~0~greybubbly~0.4130435~0.3043478~0.4130435~0~0.4130435~0~0.4130435~0, CustomDecal><929.8051><116.2053><-107~129~134~304~275~112~-343~-193~0.1413043~0.3913043~0~squidsoup(b&w)~0.5~0.6304348~0.5~0~0.5~0.4782609~0.5~0, CustomDecal><260.3921><327.8593><-3~525~487~524~501~-5~-210~-141~0.1956522~1~0~rust3~0.5543478~1~0.5543478~1~0.5543478~1~0.5543478~1, CustomDecal><851.9146><76.88643><-14~162~323~215~222~13~-513~-129~0.2608696~0.3369565~0~shinytag~0.3913043~0~0.3913043~1~0.3913043~0.6739131~0.3913043~0, CustomDecal><287.6846><436.923><39~279~216~278~114~-192~-279~-310~0.25~1~0~verticalmess~0.2608696~0~0.2608696~0.5326087~0.2608696~0~0.2608696~0, CustomDecal><325.8956><362.6706><-16~126~55~125~73~1~-252~-365~0~1~0~ghostling1~0.5~0.6847826~0.5~0.6847826~0.5~0.6847826~0.5~0.6847826, CustomDecal><512.9076><218.6774><5~68~129~28~105~-40~-241~-273~0.2717391~1~0~whitetagdecent~0.3804348~0.7282609~0.3804348~0~0.3804348~0~0.3804348~0, CustomDecal><945.9779><515.6988><30~133~118~137~87~17~-294~-327~0~1~0~ghostling2~0.3586957~0.5760869~0.3586957~0~0.3586957~0~0.3586957~0, CustomDecal><79.5907><440.121><-22~136~99~158~114~-1~2~-366~0~1~0~goblin~0.4456522~0.8695652~0.2934783~0~0.2934783~0~0.2934783~0, CustomDecal><255.5522><194.2793><11~761~865~770~840~-4~-258~-123~0.326087~1~0~blackrust1~0.2282609~1~0.2282609~1~0.2282609~1~0.2282609~1, LightBeam><471.9007><507.5536><40.55313~-381.6889~360.1563~-388.0888~470.4323~-12.80002~-421.1833~-165.6889~0.3536005~0~0~0~None~0~1, FreeformDecalOrSprite><-6.399315><370.4551><-1.738525~-279.2444~0;0^446.875;-12.08887^482.4479;273.1555^-37.7073;357.7778~Futile_White~1~Fog~Foreground~26~False~FFFFFF, FreeformDecalOrSprite><951.8573><376.2667><-1.738525~-279.2444~0;0^446.875;-12.08887^471.776;342.1333^-10.67188;297.3334~Futile_White~1~Fog~Foreground~26~False~FFFFFF, 
AmbientSounds: OMNI><AM_ENV-NatWind.ogg><263.4144><406.364><0.3478261><1, SPOT><so_sfx-data2.ogg><711.4232><458.6847><0.5><1><682.4232><716.6847><-34.35535><-318.3553><0><0.1, OMNI><AM_ENV-Outside.ogg><670.8882><477.4158><0.4565217><1, 
FadePalette: 2, 0.5652174
MorePalette0: 30, 0.1521739
MorePalette1: 2, 0.09782609
BackgroundOffset: -1086.957,525
BackgroundType: atc_default_vanilla
