Template: o7_settingstemplate_outside
Clouds: 0.1931613
Palette: 30
EffectColorA: 14
Effects: Fog-0.1693616-85.43961-20.97778, 
PlacedObjects: LightSource><439.9578><541.6077><0.5108696~EffectColor1~0~100~-321.3812~-31.44196~0~1~None~0~0, LightSource><535.218><541.5267><0.5108696~EffectColor1~0~100~49.28851~-177.2197~0~1~None~0~0, LightSource><639.0109><539.2408><0.4891304~EffectColor1~0~100~69.20947~-230.553~0~1~None~0~0, InsectGroup><320.5267><333.8123><0~100~0~0~TinyDragonFly~0.1521739, DandelionPatch><444.1262><276.1014><75.41455~151.9111, DandelionPatch><153.929><494.8119><65.31979~109.2667, LightSource><490.0051><545.3777><0.7597942~EffectColor1~185.6906~90.75555~69.20947~-230.553~0~0~None~0~0, LightSource><589.6094><537.5555><0.7597942~EffectColor1~185.6906~90.75555~69.20947~-230.553~0~0~None~0~0, CustomDecal><209.9626><213.7382><-358.575~510.0445~912.2479~519.2889~897.3073~-215.4667~-340.0771~-172.0889~0~1~0~unq - plate3~0.2912025~1~0.1597373~1~0.07467154~1~0.3453352~1, CustomDecal><779.7172><244.779><-32.01556~771.7333~347.35~767.4667~443.3969~-656.3556~-342.9229~-22.75554~0~1~0~rust1~0.1984034~1~0.1984034~1~0.1984034~1~0.1984034~1, CustomDecal><319.2262><232.5045><-140.1573~150.2222~415.65~303.1111~457.626~-1.422241~-327.9823~-60.44444~0.5181271~1~0~chaoticb&w~0.2112095~0.4639946~0.4818729~0~0.613338~0.8583898~0.4818729~0, CustomDecal><904.7588><456.6816><-20.63232~377.7778~192.9636~473.7778~161.6594~-69.6889~-421.8948~-346.3111~0.7655911~1~0~actual vertical pink~0.2653424~1~0.2576082~0~0.05654443~0.8506569~0.5050725~0, CustomDecal><909.0541><26.97778><-20.63232~377.7778~171.6198~336.5334~153.1219~-60.44446~-421.8948~-346.3111~0.7655911~1~0~cactusman~0.2653424~1~0.5050725~0~0.6365376~0.8506569~0.5050725~0, InsectGroup><855.6948><474.2667><0~100~0~0~Wasp~0.1521739, DandelionPatch><692.7708><619.3333><65.31979~109.2667, Physalis><607.1998><391.0519><0~0~2~3, Physalis><650.1437><364.72><0~0~2~3, CustomDecal><862.5209><-46.64445><-30.59277~776.7112~706.6365~777.4222~897.3073~-215.4667~-372.0927~205.5111~0~1~0~unq - plate3~0.05920543~1~0.1597373~1~0.07467154~1~0.1674705~1, LightSource><1160.552><709.976><0.4468981~Environment~-958~-606~-307.5021~-293.042~1~1~None~0~0, BlueToken><535.5065><651.255><20.6322~-54.31116~-400.5511~-80.35556~1~Physalis~, DeadTokenStalk><605.42><674.6997><-37.70729~-91.28889, 
FadePalette: 2, 0.6023775
BackgroundOffset: 0,-773.322
