Clouds: 0.05434782
Grime: 0.04347826
EffectColorA: 7
PlacedObjects: LightSource><131.2><359.7519><0.2391304~Environment~13~143~50~86.60254~1~1~None~0~0, LightSource><131.1784><286.6595><0.2608696~Environment~60~121~50~86.60254~1~1~None~0~0, LightSource><825><356><0.2608696~Environment~60~121~50~86.60254~1~1~None~0~0, LightSource><824><296><0.2608696~Environment~60~121~50~86.60254~1~1~None~0~0, CustomDecal><292.5659><242.6718><3~342~373~340~368~1~-445~-82~0.3152174~1~0~o7 - l mato brittle sands~1~0~1~0~1~0~1~0, InsectGroup><230.2294><267.1273><0~100~0~0~Beetle~0.244803, InsectGroup><661.0931><334.2907><2.134369~85.77777~0~0~TinyDragonFly~0.1984034, CustomDecal><36.03311><134.0877><-138.0229~581.8666~984.8167~491.5555~826.1614~-66.84444~-331.5396~-154.3111~0~1~0~unq - plate3~0.1957427~1~0.3040082~1~0.2730751~1~0.1648099~1, CustomDecal><292.2552><242.5778><3~342~373~340~368~1~-445~-82~0.3152174~1~0~o7 - l mato brittle sands~1~0~1~0.2242641~1~0~1~0.02319966, LightSource><390.8198><508.1334><0.4045404~Environment~88.93231~139.1111~-164.1489~-245.4864~1~1~None~0~0, LightSource><511.3305><383.3546><0.3924255~Environment~242.6072~160.4445~-248.1011~-185.753~1~1~None~0~0, DandelionPatch><716.1627><158.6845><4.268799~121.3333, DandelionPatch><302.1244><172.9108><24.18954~123.4666, CustomDecal><60.06436><59.02982><-19.92084~761.7777~868.1375~763.2~875.9636~-12.8~296.6781~-177.7778~0~1~0~blackrust1~0.2266759~1~0.1416102~1~0.2885417~1~0.2344088~1, CustomDecal><185.5781><258.4193><-7.114563~51.37778~67.74689~86.22223~86.24478~8.533356~-386.3219~-68.9778~0.3247961~1~0~scavmark~0.1984034~0.7733244~0.5~0~0.3608017~0~0.5~0, CustomDecal><716.9357><332.3837><5.69165~96.1778~73.43854~97.60001~65.61255~-13.51108~-345.7687~-152.1778~0.09279865~1~0~ghostling2~0.5~0.6495925~0.5~0~0.5~0~0.5~0, CustomDecal><152.2789><335.7349><7.114594~121.7778~83.39896~111.8222~68.45834~3.555573~106.0073~-285.1556~0.2938631~1~0~ghostling1~0.337602~0.665059~0.5~0~0.5~1~0.5~0, 
AmbientSounds: SPOT><msc-ritualmetal.ogg><431.9301><561.9374><0.5907381><1><472.7759><427.8707><-61.58868><-120.0887><0><0.1, OMNI><msc-ritualmetal.ogg><176.6183><420.6612><0.25><1, 
FadePalette: 2, 0.5217391
MorePalette0: 3, 0.25
