BkgDroneVolume: 0.3015966
Palette: 263
EffectColorA: 7
EffectColorB: 2
Effects: SkyDandelions-0.04347826-32.92502-99.06667, Darkness-0.1314654-163.8729-136.0889, 
PlacedObjects: MudPit><530.1631><-3.352283><335.177~62.00002~127.2646, GooDrips><704.0652><653.9933><-4.980225~-139.6445~0~0~0.05439161, InsectGroup><585.5381><129.4131><2.845856~83.64444~0~0~StandardFly~0.1906704, InsectGroup><752.5688><582.5555><2.845856~83.64444~0~0~StandardFly~0.1288041, InsectGroup><214.7062><526.3778><2.845856~48.79999~-233~22~Moth~0.1056041, LightBeam><575.4168><123.8897><-47~605~269~592~234~-18~-468~-215~0.5195651~0.2173913~0~1~None~0~0, LightSource><391.4498><526.0078><0.4456522~Environment~52~130~-310~-227.3975~1~1~None~0~0, LightSource><230.4193><532.8935><0.4565217~Environment~54~130~-299~-222.3975~1~1~None~0~0, CustomDecal><424.7979><-41.1942><-34~206~638~226~645~8~-392~63~0.07608695~1~0~dirtywaterline~0.4565217~1~1~1~1~1~1~1, CustomDecal><99.44772><437.72><-35~72~463~36~453~-31~-252~-344~0.2391304~1~0~canworm~0.4021739~0~0.6413044~1~0.5326087~0~0.6413044~1, CustomDecal><493.5569><119.802><7~608~108~615~93~-156~-365~-51~0.326087~1~0~o7 - ancient3~0.4565217~1~0.4565217~1~0.4565217~1~0.4565217~1, CustomDecal><565.8253><56.68529><-57~121~281~151~344~17~-357~56~0.2826087~1~0~bluebrownbutblackwhite~0~0.7391304~0~0~0.3695652~0.8804348~0.3586957~0, DandelionPatch><579.3966><401.5788><85~125, CustomDecal><200.7617><431.3004><-32~94~388~30~395~-39~-427~-154~0.1847826~1~0~greenrounded~0.2282609~0.9347826~0.4456522~0~0.2282609~0~0.4456522~0, CustomDecal><112.9479><207.6931><-79~439~762~527~633~-197~-340~-141~0~1~0~unq - plate3~0.2717391~1~0.4456522~1~0.2282609~1~0.2717391~1, DeadVultureGrub><372.9891><125.2992><0~0~7~10, VultureGrub><158.023><126.2309><0~0~7~10, VultureGrub><384.2367><127.9698><0~0~7~10, 
AmbientSounds: SPOT><am_env-wallhum.ogg><826.6921><508.8086><0.326087><1><719.6921><413.8086><-96.35535><-139.3553><0><0.1, SPOT><gu-amb_int_venthum.ogg><573.6968><482.4428><0><1><553.6968><716.4428><-34.35535><-219.3553><0><0.1, SPOT><gu-amb_int_venthum.ogg><187.6204><445.4023><0><1><242.6204><701.4023><-42.35535><-145.3553><0><0.1, SPOT><AM_ENV-WallHum.ogg><727.09><427.1199><0.423913><1><281.09><221.1199><-276.3553><-118.3553><0><0.1, 
FadePalette: 2, 0.4782609
MorePalette0: 3, 0.1778651
