Template: o7_settingstemplate_rainouts
Clouds: 0.1304348
Grime: 0.1984037
Palette: 30
EffectColorA: 6
EffectColorB: 2
Effects: DayNight-0-22-5, HeatWave-0.007903057-50-134, 
PlacedObjects: DandelionPatch><835.2083><260.5942><0~62.3111, CustomDecal><396.4709><224.835><-17.07501~165.1555~107.5886~164.4445~88.37915~-0.7111206~-273.948~-138.5555~0.162398~1~0~rustb1~0.1880096~0~0.8298691~0~0.6183206~0~0.423913~0, DandelionPatch><340.3328><233.3124><0~100, CustomDecal><501.9422><217.6496><-53.28436~143.5111~212.2084~172.4222~225.3386~10.88889~-520.0656~17.9111~0.6304348~1~0~chaoticb&w2~0.9565217~0.4021288~0~0.4021288~0.1133376~0.4021288~0.4149342~0.4021288, LightSource><989.979><478.5436><0.1058416~EffectColor1~18.09497~126.3333~50~86.60254~0~0~None~0~0, CustomDecal><389.0784><334.6027><-2~299~672~299~672~-3~-288~-78~0.6521739~1~0~o7 - welcome~1~0.3478261~1~0.05434782~1~0.1413043~1~0, InsectGroup><663.3237><547.0944><0~100~0~0~Moth~0.2826085, InsectGroup><772><377><0~100~0~0~StandardFly~0.1195652, DeadTokenStalk><273.0748><431.1855><-3~81, DeadTokenStalk><339.8147><457.9249><-70~73, CustomDecal><210.2685><312.3008><2~394~183~375~156~7~235~-92.00002~0.1847826~0.6195652~0~verticalmess~0.423913~0.4456522~0.6086956~0~0.4673913~0~0.6086956~0, CustomDecal><131.8004><203.0148><-116~475~572~549~579~77~-283~115~0.2608696~1~0~full wall~0.4456522~0.3695652~0.3043478~0~0.3804348~0.2934783~0.3152174~0, CustomDecal><742.3038><443.4426><-43~291~120~292~76~0~-647~-157~0~1~0~rust1~0.5543478~0.423913~0.5543478~0~0.5543478~0.4021739~0.5543478~0, LightSource><1061.72><774.9273><0.1246391~Environment~-727.8218~-560.6222~-290.0771~-237.6641~1~1~None~0~0, LightSource><365.9979><772.8889><0.0513027~Environment~-102.4499~-377.1555~-290.0771~-237.6641~1~1~None~0~0, 
AmbientSounds: OMNI><am_env-lightwind.ogg><644.3531><406.9214><0.2826087><1, SPOT><SO_IND-MechHum01.ogg><717.4374><354.8101><0.4130435><1><461.4374><343.8101><-59.35535><-53.35535><0><0.1, SPOT><AM_ENV-WallHum.ogg><734.9482><426.9731><0.4456522><1><235.9482><332.9731><-77.35535><-103.3553><0><0.1, SPOT><AM_ENV-WallHum.ogg><734.9487><426.9768><0.4673913><1><691.9487><339.9768><-144.3553><-71.35535><0><0.1, 
FadePalette: 2, 0.5399113
MorePalette0: 10, 0.1956522
BackgroundOffset: -400,25.21694
