Clouds: 0.4175949
Grime: 0
BkgDroneVolume: 0
Effects: Darkness-0.1233016-60-60, Fog-0.02173913-42-100, Flies-0.2065217-40-40, 
PlacedObjects: InsectGroup><601.9182><609.4325><0~100~0~0~StandardFly~0.1195652, CustomDecal><605.0438><448.1952><16~305~178~308~165~1~-474~-203~0.3152174~1~0~bigorangefacea~0.6521739~0.1304348~0.2608696~0.173913~0.6521739~0.2282609~0.6521739~0, CustomDecal><627.1377><1180.334><-26~113~60~207~160~118~-448~-172~0.2717391~1~0~whiteunfinished~0.5543478~0~0.2608696~0.4021739~0.2608696~0~0.2608696~0, InsectGroup><737.1262><1663.655><0~100~0~0~Wasp~0.2065217, CustomDecal><553.9774><1217.301><0~1225~273~1222~267~-9~-374~-98~0.3043478~1~0~blackrust1~0.326087~0.3804348~0.326087~0~0.326087~0.2826087~0.326087~0, 
AmbientSounds: SPOT><AM_WAT-Shoreline.ogg><749.5577><560.4448><0.3043478><1><647.5577><-1.555176><3.644653><321.6447><0><0.1, SPOT><AM_WAT-Sea01.ogg><470.6669><81.4319><0.2934783><1><637.6669><-33.5681><351.6447><-190.3553><0><0.1, SPOT><AM_IND-DeepHum.ogg><709.0717><267.3407><0.5108696><1><682.0717><1353.341><-34.35535><-118.3553><0><0.1, SPOT><AM_IND-DeepHum.ogg><705.4765><267.4486><0.5><1><691.4765><627.4486><-77.35535><-126.3553><0><0.1, SPOT><AM_IND-DeepHum.ogg><705.3621><267.3949><0.5><1><704.3621><2358.395><-79.35535><-127.3553><0><0.1, SPOT><AM_IND-DeepHum.ogg><737.9138><311.3853><0.5><1><664.9138><-37.61472><-77.35535><-138.3553><0><0.1, 
FadePalette: 17, 0.2804575, 0.2432518, 0.1439652, 0
MorePalette0: 2, 0.08695652, 0.06521739, 0.09782609, 0.173913
BackgroundOffset: 0,-5000
