Template: o7_settingstemplate_outside
RainIntensity: 0.8530678
RumbleIntensity: 0.5128055
Clouds: 0.1469319
Grime: 0.1984037
Palette: 30
EffectColorA: 7
EffectColorB: 2
Effects: LightRain-0-20-20, SkyDandelions-0.0850656-22.88541-54.18958, Fog-0.06959899-24.30832-119.6438, 
PlacedObjects: LightSource><842.3394><746.4478><0.1493437~Environment~-553.5146~-771.5365~-168.4177~-215.0558~1~1~None~0~0, LightSource><401.8965><747.7985><0.1880095~Environment~-291.6979~-664.1063~-220.3542~-246.36~1~1~None~0~0, InsectGroup><934.5022><268.3829><0~100~0~0~TinyDragonFly~0.2370698, InsectGroup><-69.18871><384.7078><0~100~0~0~TinyDragonFly~0.1906702, InsectGroup><258.0554><506.3755><0~100~0~0~Beetle~0.2680027, CustomDecal><35.93011><431.8257><-1.422913~187.9833~363.7136~189.4062~362.2906~12.80627~-476.6771~-443.2386~0.3247959~0.6984028~0~ovu - citycolor~0.2138705~0~0.2138705~0~0.2138705~0~0.2138705~0, CustomDecal><667.7115><236.6281><-1.422913~187.9833~363.7136~189.4062~362.2906~2.845856~-526.4791~-186.4021~0.3247959~0.6984028~0~ovu - citycolor~0.2138705~0~0.2138705~0~0.2138705~0~0.2138705~0, CustomDecal><-210.9396><-16.65105><-4.268746~262.6865~305.374~271.2239~299.6823~-36.28435~-526.4791~-186.4021~0.3247959~0.6984028~0~ovu - citycolor~0.2138705~0~0.2138705~0~0.2138705~0~0.2138705~0, CustomDecal><430.7526><33.04258><-1.422913~76.28439~442.6854~66.32394~434.8593~-6.403126~-365.6896~166.4812~0~1~0~squarebird~0.1442706~0.6727921~0.1674702~0~0.1133373~0~0.1674702~0, CustomDecal><137.5767><507.2881><-20.63229~68.45837~101.8969~116.126~164.5052~1.422852~71.14575~-332.251~0.3093302~1~0~whitetag11(bubbly)~0.2757356~0~0.5~0.6573254~0.1674705~0~0.5~0, CustomDecal><708.1092><462.7883><54.78229~231.3823~393.5948~156.6792~205.0583~-141.5802~-387.0333~-75.41461~0.5258603~1~0~o7 - ermm actually~0.5~0.3093295~0.863463~0~0.5~0~0.7319973~0, DandelionPatch><125.8703><434.8027><0~100, DandelionPatch><645.1987><232.6043><7.114624~138.4187, DandelionPatch><729.5545><594.627><0.7114868~60.15833, CustomDecal><-219.8916><94.26329><-3.557312~154.5449~181.5802~159.525~180.8688~-2.134369~323.0021~239.7614~0~1~0~o7 - domaj2~0.1520041~0.5799932~0.1520041~0~0.1520041~0.2938631~0.1520041~0, CustomDecal><-217.0322><593.8491><-49.80209~137.4698~392.1718~188.6948~365.1364~42.6875~-12.80627~-354.3063~0~1~0~crudegrey~0.3298688~0.5877264~0.2912025~0~0.4613339~0.4253283~0.2912025~0, CustomDecal><828.1244><224.6345><-77.54889~148.1416~169.4854~224.2678~181.5802~26.32396~-355.0177~-2.134399~0.2706631~1~0~greysnoopy~0.159737~0.7346583~0.5~0~0.2525363~0~0.5~0.4330623, CustomDecal><-214.1998><154.025><98.89267~516.6771~801.2604~587.1115~373.6739~-245.4531~596.2021~10.67188~0~1~0~o7 - let go~0.2061376~1~0.1442712~1~0.2216041~1~0.06693898~1, CustomDecal><528.6307><229.4253><-32.72708~488.2187~575.0167~519.5229~520.2344~-249.7219~-385.6104~-2.845825~0~1~0~unq - plate3~0.152003~1~0.1906694~1~0.05920441~1~0.09787017~1, HarmfulSteam><43.31525><400.1891><5~8.660254~0.2~0.6630435~0.3~-68~2, HarmfulSteam><909.0613><242.066><5~8.660254~0.2~0.4456522~0.3~68~25, 
AmbientSounds: SPOT><AM_IND-ElectricHum02.ogg><746.1247><282.4064><0.3043478><1><470.1247><521.4064><-44.35535><-57.35535><0><0.1, SPOT><AM_IND-ElectricHum03.ogg><745.3311><265.9328><0.3695652><1><781.3311><357.9328><-49.35535><-56.35535><0><0.1, SPOT><AM_ENV-WallHum.ogg><725.1978><432.2201><0.5><1><648.1978><526.2201><-47.35535><-67.35535><0><0.1, 
FadePalette: 2, 0.4717275
