Template: o7_settingstemplate_rainins
Clouds: 0.1342163
Grime: 0.07192031
EffectColorA: 6
Effects: Darkness-0-30-30, SkyBloom-0.1106771-40-40, 
PlacedObjects: CustomDecal><195.3607><261.7922><-23.3313~307.6222~570.0364~350.0445~572.8823~14.2222~-320.8677~292.9778~0~1~0~unq - plate3~0.6906702~1~0.3426743~1~0.358141~1~0~1, CustomDecal><501.3333><34.42225><29.55316~529.0889~249.176~570.5111~266.599~12.17775~-420.4719~275.2~0~1~0~unq - plate5~0.3968071~1~0.3968071~1~0.3968071~1~0.3968071~1, LightSource><516.2286><470.3936><0.1184102~EffectColor1~7.114563~138.4~-86.59998~68.11365~0~1~None~0~0, LightSource><396.476><445.8294><0.1570766~EffectColor1~24.18958~146.2222~-186.2042~122.1581~0~1~None~0~0, LightSource><274.3058><476.6653><0.1570766~EffectColor1~-26.32397~144.0889~-233.1604~113.6248~0~1~None~0~0, CustomDecal><369.3487><392.8637><-4.268738~237.6889~234.2281~195.7333~210.75~-147.2~-303.7927~-141.5111~0~1~0~o7 - mossrust~0.2138698~1~0.09013798~1~0.09013798~1~0.09013798~1, CustomDecal><496.5261><194.2222><-17.07501~104.7111~78.41876~111.1111~80.55316~8.533333~-277.4688~-29.86664~0~1~0~ghostling1~0.3066691~0~0.5~0~0.3994678~0~0.5~0, CustomDecal><211.1292><229.9333><-26.32397~96.88889~301.8167~123.9111~289.0104~47.64444~-277.4688~-29.86664~0~1~0~greybubbly~0.1520044~0.665059~0.3376017~0~0.4304007~0.5335939~0.2138698~0.8738566, InsectGroup><629.5598><333.1402><0~100~0~0~Wasp~0.182937, InsectGroup><374.008><474.8734><7.114594~77.95557~0~0~Moth~0.2602695, CustomDecal><500.5466><-46.06742><-27.74689~488~613.4353~758.9333~498.8906~-9.244446~-539.9968~273.7778~0.4098623~1~0~o7 - zombiecadas~0.6056048~0~0.6056048~0~0.6056048~0~0.6056048~0, CustomDecal><119.351><67.8><-27.74689~488~767.1104~576.1777~703.0791~-33.42222~-378.4958~278.0445~0.4330617~1~0~o7 - zombiecadas~0~0~1~0~0~0~0~0, CustomDecal><207.4723><447.4998><-15.65204~117.511~517.3885~111.8223~437.7052~-27.02225~-305.9271~-189.1556~0.0618661~0.3117414~0~o7 - tree~1~1~1~1~1~1~1~1, 
AmbientSounds: SPOT><AM_ENV-WallHum.ogg><721.8037><435.2116><0.5><1><370.8037><154.2116><-141.3553><-140.3553><0><0.1, 
FadePalette: 2, 0.5016757
MorePalette0: 264, 0.5954596
MorePalette1: 3, 0.5281817
MorePalette2: 10, 0.1983583
