Template: o7_settingstemplate_outside
Clouds: 0.07733254
Palette: 30
PlacedObjects: InsectGroup><367.9661><201.32><0~100~0~0~StandardFly~0.1752041, InsectGroup><551.6163><663.1788><0~100~0~0~Moth~0.360802, InsectGroup><715.8038><260.2665><0~100~0~0~Wasp~0.2602692, InsectGroup><436.7496><395.2672><3.557312~72.26666~0~0~StandardFly~0.2680027, LightSource><275.5201><324.7205><0.4432068~EffectColor1~0~68~50~86.60254~0~0~None~0~0, LightSource><213.5854><332.8984><0.5824054~EffectColor1~0~66.57779~20.11871~159.1359~0~0~None~0~0, LightSource><153.8475><334.3095><0.5050725~EffectColor1~2.845825~63.73334~17.27289~83.04697~0~0~None~0~0, CustomDecal><687.0383><618.5942><-1.422913~169.4222~46.4032~170.1334~47.11456~0.7111206~-362.1323~-167.1111~0~1~0~o7 - orange slop~0.3272081~0~0.3272081~0~0.3272081~0~0.3272081~0, CustomDecal><513.0219><68.23624><-32.01559~175.8222~307.5083~236.9778~335.2552~25.60001~-429.0094~100.2667~0.1521739~1~0~faceandtag~0.840263~0~0.5~0.9975885~0.6778647~0~0.5~0, CustomDecal><129.9258><255.0964><-3.557281~79.11111~201.5011~44.97778~209.3271~-54.75555~-239.7614~45.51111~0.3015963~1~0~whitetag6~0.2834692~0.7810576~0.5~0~0.5~0~0.5~0, CustomDecal><552.0133><160.1099><-11.38336~342.9333~224.9792~342.9333~220.7104~-7.111115~-271.7771~193.4222~0.1159986~1~0~rust3~0.5463993~0.4949274~0.9639946~0~0.2525363~0.3634624~0.4149342~0, LightBeam><311.4019><217.4984><115.9677~591.8221~446.9542~596.0889~270.5125~-34.13335~-382.7646~60.44444~0.11387~0.1701312~0~1~None~0~0, DandelionPatch><795.3252><438.7287><0~100, DandelionPatch><251.753><209.9515><-2.134369~87.19998, BlueToken><300.6474><420.4086><-19.20935~-79.20001~-236.2041~-143.6444~1~Hoverfly~~0~0~0~0~0~0~0~0, CustomDecal><99.5723><12.59177><-13~553~254~545~269~-3~-387~247~0.326087~0.4456522~0~ovu - citycolor~0.4673913~0~0.4673913~0~0.4673913~0~0.4673913~0, CustomDecal><763><458><-5~343~224~355~200~1~-414~-193~0~0.326087~0~ovu - citycolor~0.5326087~0~0~0~0~0~0.5543478~0, LightSource><404.9417><639.5587><0.1847826~Environment~35~97~-575~-187.3975~1~1~None~0~0, 
FadePalette: 2, 0.5543478
