EffectColorA: 6
PlacedObjects: LightSource><244.3708><525.5974><0.2391304~Environment~124~148~-179~-243.3975~1~1~None~0~0, CustomDecal><13.13892><347.5837><-57~146~439~191~330~-23~-114~-295~0.1413043~1~0~pinkbubbly~0.3804348~0.6086956~0.3804348~0~0.3804348~0~0.3804348~0, CustomDecal><170.1937><64.30811><11~84~131~120~151~1~132~265~0.2717391~1~0~whitetag5~0.5~0~0.5~0~0.5~0~0.5~0, CustomDecal><96.35767><71.33147><-17~91~275~85~224~-70~-309~184~0.2934783~1~0~whitetag13(bubbly)~0.5~0~0.5~0~0.5~0~0.5~0, InsectGroup><413.4051><411.0739><0~100~0~0~StandardFly~0.1304347, InsectGroup><159.392><478.0816><0~100~0~0~Wasp~0.1956522, DandelionPatch><387.4328><149.1689><0~100, DandelionPatch><113.1614><312.4293><0~100, LightSource><558><543><0.2173913~Environment~124~148~-179~-243.3975~1~1~None~0~0, 
FadePalette: 2, 0.5453692
MorePalette0: 3, 0.1880878
