PlacedObjects: MudPit><726.0446><55.44495><104~35~54, InsectGroup><765.8782><111.8414><7~56~0~0~StandardFly~0.1847826, CustomDecal><1151.307><542.2555><-72.56876~46.39996~784.897~105.4222~789.1657~-8.533325~-300.9468~-328.5333~0~1~0~longwhiteugly~0.2216033~0.7346581~0.2216033~1~0.05147188~0.6959919~0.2216033~1, CustomDecal><1339.023><337.0767><-20.63229~102.5778~599.9177~160.1778~641.8938~12.8~-325.1365~-265.2444~0~1~0~verybigsimple~0.2138702~0.7423915~0.1520041~0~0.3298688~0.5799932~0.2293366~0, CustomDecal><1102.714><274.2889><-4.268768~209.9555~804.8177~153.7778~813.3553~-34.1333~-310.9073~-236.0889~0~1~0~unq - gas mask~0.5~0.6959919~0.2216032~0.4949276~0.5~0~0.182937~1, LightSource><482.7531><380.9992><0.4354732~Environment~39.84167~166.8444~-185.4927~-265.3975~1~1~None~0~0, LightSource><491.3531><486.9333><0.3040088~Environment~40.5531~151.9111~-185.4927~-265.3975~1~1~None~0~0, CustomDecal><55.5267><243.0148><452.4875~518.5778~1031.062~-56.71111~252.0146~-177.0667~-157.9438~-10.66663~0~1~0~o7 - l zenala miku~0~1~0.5592051~1~0.3194746~1~0~1, CustomDecal><328.5105><184.1299><-12.09479~84.0889~329.5635~21.51112~260.5521~-37.68889~-397.7052~-46.93332~0.2938634~1~0~junkgraffiti5~0.9562613~0.6186596~1~0~0.5~0.5335939~1~0, CustomDecal><228.9172><76.6986><-52.64792~173.6889~354.4646~194.3111~387.1917~-10.66667~-376.3615~-120.8889~0.1623981~1~0~badskin~0.1442707~1~0.5695992~0~0.1288044~0.9898551~0.399468~0, InsectGroup><494.8929><370.1191><0~100~0~0~Beetle~0.2448031, DandelionPatch><898.4015><420.6><0~100, DandelionPatch><344.6992><83.67479><-0.7114563~71.55556, GooDrips><808.373><546.8849><9.960388~72.97778~-342.2114~-108.8~0.1288041, GooDrips><1853.201><526.7556><9.960388~72.97778~-342.2114~-108.8~0.06693832, GooDrips><1410.674><526.0444><9.960388~72.97778~-342.2114~-108.8~0.09013798, 
FadePalette: 2, 0.5108696, 0.5108696
MorePalette0: 3, 0.1413043, 0.1413043
