EffectColorA: 6
PlacedObjects: LightSource><244.3708><525.5974><0.2391304~Environment~124~148~-179~-243.3975~1~1~None~0~0, CustomDecal><13.13892><347.5837><-57~146~439~191~330~-23~-114~-295~0.1413043~1~0~pinkbubbly~0.3804348~0.6086956~0.3804348~0~0.3804348~0~0.3804348~0, CustomDecal><170.1937><64.30811><11~84~131~120~151~1~132~265~0.2717391~1~0~whitetag5~0.5~0~0.5~0~0.5~0~0.5~0, CustomDecal><96.35767><71.33147><-17~91~275~85~224~-70~-309~184~0.2934783~1~0~whitetag13(bubbly)~0.5~0~0.5~0~0.5~0~0.5~0, InsectGroup><413.4051><411.0739><0~100~0~0~StandardFly~0.1304347, InsectGroup><159.392><478.0816><0~100~0~0~Wasp~0.1956522, DandelionPatch><387.4328><149.1689><0~100, DandelionPatch><113.1614><312.4293><0~100, LightSource><558><543><0.2173913~Environment~124~148~-179~-243.3975~1~1~None~0~0, HarmfulSteam><519.303><632.5345><5~8.660254~0.2~0.6195652~0.3~-60~-85, 
AmbientSounds: SPOT><AM_IND-ElectricHum02.ogg><746.6808><283.5623><0.5><1><390.6808><469.5624><-28.35535><-26.35535><0><0.08913057, SPOT><AM_IND-ElectricHum02.ogg><746.8204><283.5628><0.5><1><393.8204><563.5628><-21.35535><-29.35535><0><0.078261, OMNI><AM_SUB-MysticCave1.ogg><739.8481><237.1198><0.3043478><1, SPOT><AM_ENV-WallHum.ogg><145.5526><419.193><0.4130435><1><213.5526><113.193><-96.35535><-77.35534><0><0.1, 
FadePalette: 2, 0.5453692
MorePalette0: 3, 0.1880878
