PlacedObjects: DandelionPatch><599.3184><88.83369><-6~100, DandelionPatch><325.6816><513.6663><0~100, InsectGroup><685.813><108.5602><1~60~0~0~StandardFly~0.2717391, InsectGroup><443.55><198.7473><0~100~68~72~Wasp~0.3043478, InsectGroup><291.9464><563.7878><0~70~0~0~StandardFly~0.5, InsectGroup><278.0715><154.1598><0~100~0~0~StandardFly~0.05434782, LightSource><202.5928><167.6237><0.6521739~Environment~4~98~50~86.60254~1~0~None~0~0, LightSource><748.9188><560.6072><1~Environment~0~100~50~86.60254~1~0~None~0~0, CustomDecal><427.6498><265.6731><23~226~169~233~94~-11~-435~2~0.3043478~1~0~verticalblacktag~0.3586957~0~0.5~0~0.1630435~0~0.5~0, CustomDecal><307.55><114.5035><3~109~531.7855~115.0222~492.0854~-49.06667~-350.6198~38.39999~0.5217391~1~0~gummiworms~0.2826087~0.3043478~0.06607785~0.6959919~0.4782609~0.9743885~0.1047443~0, CustomDecal><116.6957><453.5413><4~152~170~170~146~-13~-303~-288~0.1413043~1~0~rust3~0.6086956~1~0.6086956~1~0.6086956~1~0.6086956~1, 
FadePalette: 2, 0.5217391
MorePalette0: 3, 0.08695652
