CeilingDrips: 0.423913
BkgDroneVolume: 0.3043478
BkgDroneNoThreatVolume: 1
EffectColorA: 14
EffectColorB: 2
Effects: SkyAndLightBloom-0-20-20, Beetle-0.1304348-30-30, Darkness-0-40-40, 
PlacedObjects: LightSource><1060.47><551.1977><0.09782609~EffectColor1~10~105~23~-234.3975~0~1~Flash~0.9130435~0, LightSource><1299.694><558.0483><0.4347826~EffectColor1~0~110~50~86.60254~0~1~None~0~0, LightSource><1543.623><560.1577><0.423913~EffectColor1~-1~112~50~86.60254~0~1~None~0~0, CustomDecal><1410.311><200.816><45~173~549~59~500~-134~556~-16~0.3043478~0.5~0~chaoticb&w2~0.5108696~0.3369565~0.3043478~0.04347826~0.8152174~0.04347826~0.2391304~0.04347826, CustomDecal><367.7861><304.1967><1~232~447~245~384~30~-340~41~0.5326087~1~0~greysnoopy~0.2282609~1~0.5326087~0~0.5326087~0~0.8260869~0, CentipedeAttractor><1499.432><128.3329><-8~123, 
FadePalette: 2, 0.5108696, 0.4456522, 0.5
MorePalette0: 3, 0.326087, 0.3152174, 0.3152174
