Template: o7_settingstemplate_rainins
EffectColorA: 9
PlacedObjects: ShelterBhvrManager><-63.64731><281.0784><100~50~False~False~4~False~3~6~20~40~60~120~120~120~False, ShelterBhvrSpawnPosition><179.1838><213.3113><, ShelterBhvrNoTriggerZone><492.4247><321.6853><123~106, BrokenShelterWaterLevel><535.348><234.7294><, CustomDecal><461.3657><139.9131><-12~468~167~459~166~-11~-224~135~0.2391304~1~0~blackrust1~0.5217391~0.4347826~0.5217391~0~0.5217391~0.3369565~0.5217391~0, 
FadePalette: 2, 0.5326087
MorePalette0: 3, 0.5978261
