Template: o7_settingstemplate_outside
RainIntensity: 1
RumbleIntensity: 0.75
Grime: 0.2065217
Palette: 30
PlacedObjects: SuperStructureFuses><147.5534><615.5366><98~46, FreeformDecalOrSprite><-165.6915><299.5577><199~196~0;0^1324;3^1378;772^-72;763~Futile_White~1~LocalBloom~Foreground~2~False~FFFFFF, CustomDecal><84.14734><636.1146><-96~142~135~165~210~-31~-186~-139~0~1~0~rust3~0.3152174~0.8804348~0.3152174~0.8804348~0.3152174~0.8804348~0.3152174~0.8804348, CustomDecal><804.6287><338.909><-4~61~118~66~134~28~-264~-335~0~1~0.1847826~junkgraffiti5~0.3369565~0.7065217~0.3913043~0.4782609~0.5~0.7065217~0.2065217~1, CustomDecal><239.3051><506.8077><1~48~56~52~44~-12~-148~-384~0.2717391~1~0~ghostling2~0.3586957~0.5869565~0.5~0.4565217~0.6630435~0.8369565~0.8586956~0.2826087, CustomDecal><300.8663><516.1487><0~40~40~40~40~0~190~-92~0.3152174~1~0~ghostling1~0.4021739~0.3586957~0.7173913~0.1630435~0.5~0.5760869~0.6630435~0.6847826, CustomDecal><-118><575><5~143~200~143~182~-61~-21~-426~0~1~0.423913~squidangel~0.4782609~1~0.326087~0.5217391~0.1304348~1~0.326087~0.8260869, DandelionPatch><354.5505><476.0149><-5~119, DandelionPatch><719.0525><205.0314><-6~141, InsectGroup><486.1862><677.1768><-2~82~0~-5~TinyDragonFly~0.1304348, LightSource><468.7651><732.5505><0.1195652~Environment~299~-581~-323~-146.3975~1~1~None~0~0, 
FadePalette: 2, 0.6195652
