Template: o7_settingstemplate_swampinside
RainIntensity: 0.7989356
RumbleIntensity: 0.6442705
Grime: 0.2989356
EffectColorA: 14
Effects: Fog-0.2783968-30-30, LightRain-0.5108696-40-40, 
PlacedObjects: CustomDecal><263.3778><391.8159><-23.47815~179.4459~461.8948~263.3979~430.5906~12.80627~-354.3063~-164.3469~0.5181274~1~0~angularwhiteols~0.6597373~0.4253283~0.5437385~0~0.3272077~0~0.5437385~0, CustomDecal><229.0416><748.4526><46.24481~205.7698~461.1833~120.3948~394.3061~-161.501~-57.62814~131.6198~0.5181273~1~0~brainghosts~0.3453352~0.7501248~0.5~0~0.175204~0.2706633~0.5~0, CustomDecal><201.0694><175.1119><-17.07498~1303.55~622.6844~1305.684~653.2771~-2.134369~-348.6146~-20.63226~0~1~0~rust3~0.5~1~0.5~1~0.5~1~0.5~1, InsectGroup><616.8146><462.7238><0~100~0~0~Wasp~0.2370699, InsectGroup><784.8698><256.2202><7.114563~69.40729~0~0~StandardFly~0.314402, InsectGroup><306.7237><238.0408><-4.268768~65.13852~0~0~StandardFly~0.1597376, InsectGroup><412.8635><1059.742><-4.268768~65.13852~0~0~StandardFly~0.1597376, CustomDecal><374.7098><140.9638><-32.72714~186.5605~359.4448~232.8052~296.125~-38.41876~-277.4687~-29.88121~0.5258607~1~0~fat tag~0.2138705~0.665059~0.5~0~0.2912024~0~0.5~0, 
AmbientSounds: OMNI><AM_WAT-Lakeside.ogg><716.6989><200.6933><0><1, SPOT><Mech Basic.wav><725.6674><354.8179><0.3369565><1><635.6674><242.8179><-75.35535><-73.35535><0><0.1, SPOT><Mech Basic.wav><725.5625><355.0697><0.3043478><1><389.5625><498.0697><-74.35535><-75.35535><0><0.1, SPOT><Mech Basic.wav><725.8726><355.1581><0.326087><1><657.8726><803.1581><-77.35535><-73.35535><0><0.1, SPOT><Mech Basic.wav><737.9396><354.9364><0.3586957><1><396.9396><805.9364><-81.35535><-76.35535><0><0.1, 
FadePalette: 2, 0.5490603, 0.5413269
MorePalette0: 9, 0.2010644, 0.2010644
MorePalette1: 264, 1, 1
MorePalette2: 10, 0.1956522, 0.1847826
