Template: o7_settingstemplate_swampinside
Clouds: 0.3315443
Grime: 0.3298685
BkgDroneVolume: 1
Effects: Fog-0.2706637-214.9792-96.16563, 
PlacedObjects: LightBeam><310.1765><718.8425><-10.67191~668.9292~164.5052~665.3719~135.3354~-101.7385~-433.2782~294.5438~0.175736~0.1159986~0~1~None~0~0, InsectGroup><395.111><1233.947><0~100~0~0~Moth~0.2834695, InsectGroup><659.6848><694.8996><0~100~0~0~TinyDragonFly~0.1906705, InsectGroup><365.1958><447.2118><0~100~0~0~TinyDragonFly~0.1906705, CustomDecal><206.4929><-16.11389><4.268768~1404.577~503.1594~1406.712~566.4791~-0.7114601~-292.4094~633.7708~0~1~0~rust2~0.5~1~0.5~1~0.5~1~0.5~1, CustomDecal><803.8215><843.4099><-35~69~69~154~115~34~-329~-29~0~1~0~downpour - hoko batfly~0.7608696~0.6304348~0.9130435~0~0.5~0.2065217~0.6521739~0, CustomDecal><254.3514><-30.82761><8~444~238~344~242~-69~-296~29~0.2934783~1~0~downpour -wormguts~0.5434783~0.5108696~0.7391304~0~0.2065217~0.423913~0.7391304~0, 
FadePalette: 2, 0.6495923, 0.6573256
MorePalette0: 9, 0.2165308, 0.2165302
MorePalette1: 264, 1, 1
