Clouds: 1
PlacedObjects: CustomDecal><603.9329><307.9189><31~144~-52~173~-80~-1~-504~-138~0.3369565~1~0~ghostling1~0.3478261~0.5~0.3478261~0.1847826~0.2391304~0.7391304~0.3478261~0.1847826, InsectGroup><347.1472><163.6146><-3~61~-417~45~StandardFly~0.06521739, LightSource><554.3993><228.0772><0.07608695~Environment~139~71~50~86.60254~1~1~None~0~0, LightBeam><252.4004><104.3266><-174~-1~-175~86~122~70~-372~-139~0.05217395~0.4782609~0~1~None~0~0, 
FadePalette: 2, 0.4782609
MorePalette0: 17, 0.3478261
