Clouds: 0.05413288
PlacedObjects: NoSpearStickZone><256.2361><350.2427><2.134369~109.9556, ShelterSpawnPoint><471.4762><256.7425><, ScavTradeInstruction><558.4178><248.4707><0~100, NoSpearStickZone><682.1343><343.5555><2.134369~109.9556, CustomDecal><108.2941><200.4864><84.66354~515.7333~592.8032~517.1556~631.9333~-246.7556~-254.7021~-51.20003~0.6263925~1~0~roundblack~0.5592051~0~0.5592051~0~0.5592051~0~0.5592051~0, LightSource><507.0503><314.5561><0.1648102~Environment~188.5364~144.8~50~86.60254~1~1~None~0~0, InsectGroup><474.2314><342.8512><2.845886~49.51111~0~0~Moth~0.0128061, 
FadePalette: 2, 0.5258605
MorePalette0: 3, 0.2861302
