Grime: 0.09782609
EffectColorA: 6
PlacedObjects: LightBeam><226.5223><246.8194><76.12601~619.5555~390.749~620.9777~474.701~-5.688904~-315.176~-103.8222~0.2608016~0.3402627~0~0~None~0~0, CustomDecal><169.6432><356.0703><1.422913~490.1334~337.3896~521.4222~304.6625~-230.4~-336.5198~-150.7556~0~1~0~rust2~0.5927988~1~0.5927988~1~0.5927988~1~0.5927988~1, CustomDecal><540.1313><180.0667><1.422913~490.1334~337.3896~521.4222~340.9468~31.28891~-336.5198~-150.7556~0~1~0~rust2~0.5927988~1~0.5927988~1~0.5927988~1~0.5927988~1, InsectGroup><487.1991><695.9304><9.248962~70.84442~0~0~Moth~0.2293366, CGShelterRain><446.6636><660.1732><, CustomDecal><319.8229><257.2419><-46.95627~163.7334~332.4094~187.9111~303.951~-8.533325~-340.0771~-56.88892~0~1~0~big letters~0.8247963~0.4021285~0.5~0~0.9253284~0.4485281~0.5~0, DandelionPatch><633.6608><250.666><0~100, DandelionPatch><315.6063><260.9011><1.422913~81.51114, CustomDecal><6.318817><155.1653><56~611~859~604~957~-146~-175~-184~0~1~0~greybones~0.1956522~1~0.423913~1~0.05434782~1~0.3695652~1, 
FadePalette: 2, 0.5171422
MorePalette0: 3, 0.1082651
