Clouds: 0.08008377
Grime: 0.1569861
PlacedObjects: LightSource><346.1928><370.1232><0.1493431~Environment~27.0354~-311.0222~50~86.60254~1~1~None~0~0, LightSource><211.8654><338.291><0.2266756~Environment~20.63229~-298.2222~50~86.60254~1~1~None~0~0, CustomDecal><88.7749><293.7123><-30.59271~135.2889~360.1563~130.3111~334.5437~-29.86664~355.0178~-179.9111~0.6109261~1~0~tall w&b~0.5386664~0.2706637~0.3376014~0.2010644~0.1442712~0.2010644~0.6469315~0.2010644, CustomDecal><83.61572><52.59065><-12.80626~458.1333~604.8979~396.2667~572.8823~-43.37778~531.4594~35.55551~0.1469315~1~0~unq - plate3~0.1338773~1~0.5746719~1~0.04881154~1~0.1570766~1, InsectGroup><279.0092><321.4061><2.845825~66.57776~0~0~TinyDragonFly~0.2757363, LightSource><563.3771><289.4222><0.2653417~Environment~24.18958~-237.0667~50~86.60254~1~1~None~0~0, ShelterBhvrSpawnPosition><323.5967><232.193><, 
FadePalette: 2, 0.3789288
MorePalette0: 3, 0.4021288
