PlacedObjects: TradeOutpost><375.3422><162.7473><-11.3833~97.15555, InsectGroup><217.8227><465.8781><-2.134369~53.77774~0~0~Moth~0.06693862, HangingPearls><343.0663><550.9269><, LanternOnStick><506.5924><402.8466><70.43439~-112.6223, LanternOnStick><441.0935><301.5386><36.99582~-182.3111, LanternOnStick><349.4951><315.7169><-88.93225~-102.6667, LightSource><461.8624><337.1665><0.4122739~Environment~0~129.1555~50~86.60254~1~1~None~0~0, LightSource><463.4865><418.6464><0.3968068~Environment~7.82605~124.1778~50~86.60254~1~1~None~0~0, CustomDecal><592.5962><278.8295><10.67188~172.2666~203.6354~170.8445~177.3115~-11.37778~-463.1594~-258.8445~0.1778647~1~0~scavmark stonehead3~0.9253281~0~0.5~1~0.7397308~0~0.5~0.5103946, CustomDecal><174.991><134.2423><-27.03543~340.8~471.8552~337.9556~480.3927~-9.244461~-376.3615~-34.13329~0.1701314~0.4045404~0~zgwmarks - c10~1~0~0~0.3789288~0.4896059~0~1~0.1237319, CustomDecal><393.515><265.8079><1.422913~230.5778~145.2959~226.3111~147.4302~3.555573~-343.6344~-86.04446~0~1~0~pink face~0.685598~1~0.337602~1~0.685598~1~0.1442709~1, CustomDecal><173.5218><554.9792><1.422913~78.39996~279.05~63.46667~249.8802~-24.88885~-163.6354~-368.3556~0~1~0~greenpink~0.5~0.3711956~0.5~0~0.5~0.4871942~0.5~0, HarmfulSteam><555.0653><449.1732><5~8.660254~0.2~0.7934783~0.3~-61~-54, HarmfulSteam><391.4418><548.1933><5~8.660254~0.2~0.6195652~0.3~14~-82, 
FadePalette: 2, 0.5645266
MorePalette0: 3, 0.2629302
