RainIntensity: 0.7216034
RumbleIntensity: 0.6288044
Clouds: 0.1110166
EffectColorA: 14
Effects: Flies-0.02319966-30-30, RedSwarmer-0.02319966-50-50, LightRain-0.5978261-17-81, Darkness-0.4673913-17-123, 
PlacedObjects: InsectGroup><1134.653><289.2631><1.422913~78.66669~0~0~TinyDragonFly~0.3221353, InsectGroup><583.7157><220.9198><0~80.0889~0~0~StandardFly~0.314402, LightSource><1848.993><554.0563><0.1395051~Environment~160.0781~241.5111~104~-32.39746~1~1~None~0~0, LightSource><1349.171><357.7953><0.1493437~Environment~0~230.1333~50~86.60254~1~1~None~0~0, LightSource><1082.696><365.2072><0.1236068~Environment~0~229.4222~50~86.60254~1~1~None~0~0, LightSource><575.4456><342.358><0.1298802~Environment~-7.826019~229.4222~50~86.60254~1~1~None~0~0, LightSource><333.206><347.8445><0.1407491~Environment~-2.134369~226.5778~50~86.60254~1~1~None~0~0, LightSource><833.7228><343.7485><0.1270646~Environment~8.537415~236.5334~50~86.60254~1~1~None~0~0, LightSource><1776.197><325.5334><0.1486989~Environment~27.74677~288.4445~104~31.60254~1~1~None~0~0, LightSource><1783.715><144.8667><0.1086956~Environment~-24.1897~261.4222~50~86.60254~1~1~None~0~0, CustomDecal><105.1694><382.6612><1113.432~372.0889~1114.302~-162.6667~-8.379135~-334.9333~-285.2931~41.95557~0~1~0~unq - plate1~0.2497957~1~0.1184103~1~0.2196025~1~0.4200071~1, CustomDecal><713.4464><165.3365><23.47821~122.4889~216.4417~69.86665~152.4104~-16.35556~-552.0917~-96.71117~0.6418593~1~0~sr~0.182937~1~0.5~0~0.3917346~0~0.5~0, CustomDecal><227.8411><143.3017><-3.557281~91.20001~121.1063~139.5556~159.525~39.11111~104.5844~152.8889~0.6727918~1~0~neoneye~0.2448034~0.665059~0.5~0~0.1906705~0~0.5~0, CustomDecal><1260.967><114.1765><-49.80215~138.1334~205.0583~197.1556~242.0542~43.37775~-380.6302~-123.7333~0.6959919~1~0~ghostgraffiti~0.5~1~0.5773326~0~0.5~0~0.5~0, CustomDecal><821.7668><422.0751><-13.51773~90.48886~484.6615~153.7778~436.2823~61.86665~-7.114563~-401.7778~0.255197~1~0~garbagewormtag~0.1880097~0.2576088~0.1880097~0.682937~1~1~0.1880097~0.3426744, CustomDecal><1615.576><182.6094><-22.05524~704.1778~321.7374~762.4888~327.4292~-184.1778~-780.4698~-96.71112~0~1~0~rustb1~0.5~1~0.5~1~0.5~1~0.5~1, CustomDecal><1796.009><386.6688><22.76672~102.5778~147.4303~79.8222~132.4896~-69.68887~-344.3459~18.48891~0.4717281~1~0~stickeyes~0.2680027~0~0.5~1~0.206137~0~0.5~0, CustomDecal><1656.287><48.40106><-1.422913~176.5334~148.1417~200~99.76248~-150.0444~-451.0646~-142.9334~0.2861302~1~0~whitetag11(vertical)~0.3530685~0.3093295~0.314402~0~0.5~0~0.2370698~0, LightSource><1817.314><475.822><0.1304348~EffectColor1~17~166~-354.8854~74.29144~0~0~None~0~0, LightSource><1813.343><330.8739><0.4347826~EffectColor1~13~163~-323~-9.397461~0~0~Flash~0.5869565~0, GooDrips><1831.27><484.551><-18~51~-532~-74~0.1086956, DandelionPatch><1801.675><572.8462><0~100, DandelionPatch><991.9091><135.9281><0~100, CustomDecal><109.8113><368.3161><12~182~634~269~458~-23~-28~-171~0~1~0~rustb1~0.5434968~1~0.1087142~1~0.5434968~1~0.4456708~1, 
AmbientSounds: SPOT><msc-ritualmetal.ogg><1136.855><205.4922><0.09013566><1.705122><1931.87><540.8032><-35.35534><-35.35534><0><0.1, SPOT><msc-shadowalley.ogg><908.712><152.1612><0.3453369><1><1777.008><255.6501><-43.89282><-181.8442><0><0.1, SPOT><msc-ritualmetal.ogg><1058.297><326.762><0.07467121><1.682072><1877.502><637.8953><-35.35534><-35.35534><0><0.1, 
FadePalette: 2, 0.5256454, 0.4993092
MorePalette0: 3, 0.2165308, 0
