Clouds: 0.1630435
EffectColorA: 14
Effects: Darkness-0.173913-40-40, 
PlacedObjects: InsectGroup><361.2152><179.0531><0~100~0~0~Wasp~0.2391304, DandelionPatch><563.9341><146.8282><4~62, CustomDecal><389.2942><489.5549><-52~75~110~105~146~18~-337~-193~0.1413043~1~0~whitetag11(bubbly)~0.3804348~0~0.3804348~0~0.3804348~0~0.3804348~0, CustomDecal><673.3367><120.9303><-59~113~135~150~181~13~-434~80~0.25~1~0~greybubbly~0.4130435~0.1847826~0.1847826~0.1847826~0.4130435~0.1847826~0.4130435~0.1847826, CustomDecal><85.13751><86.64522><-49~224~128~217~139~-1~313~107~0.2717391~1~0~verticalredwhite~0.2391304~0~0.0326087~0~0.2391304~0~0.2391304~0, LightSource><407.78><300.689><1~Environment~13.5177~193.8667~50~86.60254~1~0~None~0~0, BetterDecal><182.8412><124.928><-45~-47~-65~184~724~194~690~-66~-125~188~False~MUL~DODGE~NORMAL~0.173913~1~0~True~False~False~True~True~True~o7 - wingdings~0.5~0.2282609~0.3369565~1~1~1~0.5~0.2282609~0.3369565~1~1~1~0.5~0.2282609~0.3369565~1~1~1~0.5~0.2282609~0.3369565~1~1~1, LightSource><369.9017><191.8698><0.2173913~Environment~16~195~50~86.60254~1~1~None~0~0, LightSource><428.9398><298.9369><0.3369565~Environment~-1~139~50~86.60254~1~1~None~0~0, InsectGroup><516.7786><263.1979><0~100~0~0~StandardFly~0.2282609, 
FadePalette: 2, 0.460043
MorePalette0: 3, 0.2934783
