BkgDroneVolume: 0.3015963
Palette: 263
Effects: Darkness-0.1086956-40-40, 
PlacedObjects: PlacedWind><51.18188><46.83324><11~400~147~400~171~-1~0.5869565~Creatures~Vertical, ParticleVisualCustomizer><136.1776><190.658><100~50~FFFFFF~000000~FFFFFF~000000~15^254~Foreground~SkyDandelion~False~1~0~30~0~20~0~Basic~1~1, RectParticleSpawner><80.37857><64.19373><100~50~139^28~-1^55~7~7~3~0~10~0~60~0~0~5~6~False, SlideShow><73.24893><52.02271><100~50~funnyfan~0;0^145.4823;-1^147.1938;34^-3;35, BlueToken><135.5531><533.5572><-24~72~0~0~1~~~0~0~0~0~0~0~0~0~0~0~0~0~0~0~0~0~0~0~0~0~0~0~0~0~0~0~0~0~0~0~0~0~0~0~0~0~0~0~0~0, CustomDecal><258.8041><220.7903><1~94~263~62~214~-31~384~-74~0.1847826~1~0~tall w&b~0.3913043~0.4347826~0.02173913~0.4347826~0.3913043~0.4347826~0.3913043~0.4347826, DandelionPatch><774.5999><476.6322><0~100, DandelionPatch><215.773><226.4487><0~100, LightSource><686.157><458.8739><0.4565217~EffectColor1~0~100~50~86.60254~0~0~None~0~0, LightSource><533.0184><445.9492><0.5978261~EffectColor1~0~100~50~86.60254~0~0~None~0~0, LightSource><380.0657><445.5611><0.5760869~EffectColor1~0~100~50~86.60254~0~0~None~0~0, InsectGroup><220.1379><336.5322><0~100~0~0~RockFlea~0.2834695, LightSource><634.5861><584.9894><1~Environment~0.7114563~74.40002~50~86.60254~1~0~None~0~0, LightSource><517.4476><584.4492><1~Environment~4.268738~97.86664~50~86.60254~1~0~None~0~0, LightSource><401.0371><592.8713><1~Environment~1.422913~81.51111~50~86.60254~1~0~None~0~0, LightSource><827.4255><540.6969><0.8453349~Environment~0.0001220703~125.6~50~86.60254~1~0~None~0~0, LightSource><140.4608><558.7491><1~Environment~0~100~50~86.60254~1~0~None~0~0, LightSource><137.345><410.9352><1~Environment~0~100~50~86.60254~1~0~None~0~0, LightSource><147.3872><260.9111><1~Environment~0~100~50~86.60254~1~0~None~0~0, InsectGroup><866.5648><458.3874><-1.422913~66.57779~0~0~Moth~0.113338, CustomDecal><772.615><381.5797><-3.557251~227.0222~160.9479~189.3333~124.6635~-7.111115~-431.1437~-187.0222~0.1314651~0.5669383~0~rust3~0.3530685~1~0.5~1~0.3530678~1~0.5~1, CustomDecal><576.4199><385.6453><4.268768~119.6444~99.05103~109.6889~37.86566~-17.77777~-507.2698~-119.4667~0.1469319~1~0~whitetag~0.4149342~0.255197~0.4149342~0.255197~0.4149342~0.255197~0.4149342~0.255197, NoSpearStickZone><130.1725><566.6488><5~124, 
FadePalette: 2, 0.3325295
MorePalette0: 3, 0.2826087
