RainIntensity: 0.7391304
RumbleIntensity: 0.4130435
Clouds: 0.06521739
EffectColorA: 6
Effects: Flies-0.05434782-30-30, 
PlacedObjects: GooDrips><431.9258><1210.904><0~100~-16~-129~0.01086957, LightSource><534.9814><707.0509><0.08695652~Environment~-20~-241~-320~-212.3975~1~1~None~0~0, LightSource><1696.418><1161.359><0.1630435~Environment~-20~-242~-376~-203.6975~1~1~None~0~0, LightSource><535.037><1139.553><0.08695652~Environment~-8~-249~-381~-186.3974~1~1~None~0~0, LightBeam><369.3959><882.6708><-99~723~523~739~357~-25~-338~-263~0.09565204~0.08695652~0~1~None~0~0, InsectGroup><1322.064><1262.323><0~100~0~0~TinyDragonFly~0.1413043, CustomDecal><1371.668><997.4329><61~418~346~381~184~-21~-479~-158~0.5434783~1~0~verticalmess~0.173913~0.3586957~0.2826087~0~0.1630435~0.1956522~0.4782609~0, CustomDecal><1417.92><1152.355><-29~133~134~183~149~-60~-408~-58~0.5~1~0~whitetag2~0.1847826~0.8478261~0.5~0~0.1956522~0~0.5~0, CustomDecal><142.0567><922.0582><-5~58~728~73~728~-13~120~194~0~1~0~verybigsimple~0.1521739~0.5869565~0.2282609~0~0.1413043~0.6630435~0.2173913~0.5652174, InsectGroup><609.5725><366.6864><0~100~0~0~StandardFly~0.2826086, CustomDecal><489.1049><446.1685><-37~135~326~184~388~51~-311~-25~0.3043478~1~0~widerabbithead~0.5~0.423913~0.05434782~0~0.5~0.2934783~0.1413043~0, CustomDecal><271.0677><488.8324><0~131~464~87~357~-68~-309~-74~0.3043478~1~0~snt~0.3804348~0.423913~0.7717391~0~0.423913~0.2826087~0.6847826~0, CustomDecal><290.1147><321.3973><-39~114~-117~89~-79~-27~166~-139~0.6521739~1~0~ghostling3~0.3804348~0.5543478~0.5~0~0.4130435~0~0.5~1, CustomDecal><1026.545><632.0551><-22~110~76~124~86~17~-352~-12~0.2934783~0.3804348~0~ghostling2~0.4347826~0.5108696~0.4347826~0~0.4347826~0~0.4347826~0, CustomDecal><949.3434><392.3744><-34~96~50~108~67~10~-373~5~0~0.3804348~0~ghostling1~0.3478261~0.4347826~0.5~0.2391304~0.3369565~0~0.5~0, CustomDecal><244.0709><1069.089><43~467~1033~458~648~-254~-240~43~0~1~0~unq - plate3~0.2173913~1~0.09782609~1~0.07608695~1~0.1086956~1, CustomDecal><256.4063><346.1248><-298~381~790~522~750~-237~-256~-148~0~1~0~o7 - let go~0.1195652~1~0.1956522~1~0.0326087~1~0.08695652~1, NeedleEgg><1499.337><1232.485><0~0~3~9, LightSource><543.7413><367.7001><0.1956522~Environment~0~100~50~86.60254~1~1~None~0~0, LightSource><533.8478><648.2126><0.2173913~Environment~0~100~50~86.60254~1~1~None~0~0, LightSource><529.7526><690.7><0.25~Environment~0~100~50~86.60254~1~1~None~0~0, LightSource><510.9361><906.4268><0.2282609~Environment~4~78~50~86.60254~1~1~None~0~0, LightSource><524.9489><1194.521><0.1956522~Environment~0~100~50~86.60254~1~1~None~0~0, LightSource><575.7473><1127.7><0.2391304~Environment~0~100~50~86.60254~1~1~None~0~0, LightSource><547.0926><1475.37><0.1847826~Environment~0~100~50~86.60254~1~1~None~0~0, LightSource><513.8118><1451.31><0.1847826~Environment~0~100~50~86.60254~1~1~None~0~0, LightSource><534.5802><1084.394><0.1086956~Environment~0~100~44~32.60254~1~1~None~0~0, LightSource><508.8953><1121.363><0.173913~Environment~0~100~50~86.60254~1~1~None~0~0, LightSource><546><793><0.173913~Environment~0~100~50~86.60254~1~1~None~0~0, LanternOnStick><391.0901><503.8799><-40~-142, LanternOnStick><205.4383><358.3174><50~-134, HarmfulSteam><1120.146><423.6709><5~8.660254~0.2~0.5~0.3~-112~43, HarmfulSteam><1383.4><1451.633><5~8.660254~0.2~0.3913043~0.3~15~-71, 
AmbientSounds: SPOT><AM_ENV-WallHum.ogg><772.3805><430.5984><0.3369565><1><1191.38><486.5985><-252.3553><-34.35535><0><0.1, 
FadePalette: 2, 0.4130435, 0.4130435, 0.4130435
MorePalette0: 3, 0.326087, 0.326087, 0.3152174
