CeilingDrips: 0
WaveSpeed: 0.51
WaveLength: 1
WaveAmplitude: 0.0001
SecondWaveLength: 1
SecondWaveAmplitude: 0.0001
BkgDroneVolume: 0.3043478
BkgDroneNoThreatVolume: 1
EffectColorA: 6
EffectColorB: 2
PlacedObjects: LightSource><838.7469><407.797><0.1184095~Environment~0~114.9333~-585.3323~-15.79742~1~1~None~0~0, LightSource><402.9644><363.0181><0.203476~Environment~12.09479~157.6~50~86.60254~1~1~None~0~0, LightSource><316.6031><427.4667><0.3504075~Environment~15.6521~89.33334~50~86.60254~1~1~None~0~0, CustomDecal><171.7541><251.8821><-31.30417~438.9333~460.4719~452.4444~466.1635~-161.4222~-377.0729~-154.3111~0~1~0~o7 - mossrust~0.1288043~1~0.1288043~1~0.1288043~1~0.1288043~1, CustomDecal><-36.72351><233.3113><-12.0948~165.1555~428.4563~152.3556~450.5114~-41.95555~-67.58852~-258.8445~0.3325292~1~0~big letters~0.3040083~0.6959916~1~0~0.5746716~0.541327~1~0, CustomDecal><481.6615><194.9333><-51.9364~194.3111~467.5864~222.0445~446.2426~25.59998~-353.5947~-137.9556~0.3325292~1~0~bluebrownbutblackwhite~0.4407949~0.1778647~0.1237319~0.1778647~0.4407949~0.1778647~0.4407949~0.1778647, CustomDecal><314.731><539.844><-143.0031~42.84442~148.8531~44.97778~138.1813~-10.66669~-296.6781~-320.7111~0.317063~1~0~whitetag3~0.8298688~0.6727922~0.5669386~0~0.5669386~0~0.5669386~0, LightSource><401.9781><425.3333><0.1416095~Environment~12.09479~157.6~50~86.60254~1~1~None~0~0, InsectGroup><283.2088><309.9406><0~100~0~0~Beetle~0.3221353, CustomDecal><518.9482><338.2736><-4.980225~163.7333~163.0823~196.4445~241.3427~-76.79999~-331.5396~-172.8~0.5026605~1~0~tall w&b~0.2730748~1~0.2730748~0~0.2730748~0~0.2730748~0, CustomDecal><167.6297><234.5525><-62.60834~391.2889~650.0709~250.8222~690.876~-48.2222~-409.0886~-153.6~0~1~0~unq - plate5~0.06427773~1~0.4432066~1~0.3194748~1~0.2808084~1, DandelionPatch><230.0706><254.6447><0~100, DandelionPatch><636.7594><302.3111><0~100, 
AmbientSounds: SPOT><basic mech.wav><384.5294><329.5522><0.3695652><1><695.5294><108.5522><58.64465><-158.3553><0><0.1, SPOT><basic mech.ogg><196.6451><456.6376><0.3043478><1><144.6451><7.637634><-69.35535><-218.3553><0><0.1, 
FadePalette: 2, 0.4456522
WetTerrain: OFF
MorePalette0: 3, 0.317063
