Grime: 0.11832
BkgDroneVolume: 0.3043478
BkgDroneNoThreatVolume: 1
Palette: 263
Effects: SkyDandelions-0.1304348-20-20, Darkness-0-40-40, Fog-0.06959932-30-30, 
PlacedObjects: CustomDecal><62.14496><181.8616><27.04376~145.4667~334.1948~45.55554~247.7916~-89~-202.0447~75.42223~0.3247961~1~1~tall w&b~0.5437387~0.6341258~0.5437387~0~0.5437387~0.5103942~0.5437387~0, CustomDecal><361.1285><339.3105><20.75~62.06665~530.9125~43.17776~509~-24~-565.625~-22.51111~0.2173913~1~0~longwhiteugly~0.4200068~0.5217391~0.4200068~0.5217391~0.4200068~0.5217391~0.4200068~0.5217391, SuperStructureFuses><756.0692><151.5856><89~72, SuperStructureFuses><571.1515><150.674><98~74, DandelionPatch><675.4347><324.8267><0~100, DandelionPatch><86.22156><459.948><0~49, CustomDecal><112.5726><113.9724><15.24896~518.6~299.4865~492.8889~289.451~-23.24444~-309.825~-129.8444~0~1~0~rust2~0.2266756~1~0.2266756~1~0.2266756~1~0.2266756~1, CustomDecal><103.0632><260.8102><14~84~227~19~192~-72~0~0~0.2717391~1~0~whitetag6~0.5~0~0.5~0.2934783~0.3369565~0.2391304~0.5~0.3152174, CustomDecal><184.5616><162.7127><-24~107~143~153~134~-15~-357~43~0.2826087~1~0~uglypup~0.5~0~0.5~0.3369565~0.5~0~0.5~0, InsectGroup><191.5827><392.8904><4~70~0~0~TinyDragonFly~0.1555255, InsectGroup><452.306><389.1712><-3~65~-73.99164~-2.844452~StandardFly~0.1358921, CustomDecal><40.11041><167.0222><52.83749~424.1555~1035.169~384.1111~289.0979~-83.97778~-314.3125~92.77783~0.2826087~1~0~o7 - let go~0.396807~1~0.5592052~1~0.3504076~1~0.3504076~1, LightSource><621.7882><443.7864><0.203476~Environment~-32.72705~-64.26666~-323.5156~82.33591~1~1~None~0~0, LightSource><698.431><448.1037><0.1261437~Environment~-32.01569~-60.71115~-115.0583~-159.4419~1~1~None~0~0, LightSource><780.9344><435.2945><0.4200068~Environment~-24.18958~-114.0444~-133.5562~-144.5086~1~1~None~0~0, LightSource><465.5625><459.2888><0.2421421~Environment~-12.80621~-99.11108~-421.6968~-143.0864~1~1~None~0~0, LightSource><476.2344><374.6666><0.2421426~Environment~-12.80621~-99.11108~-421.6968~-143.0864~1~1~None~0~0, LightSource><475.5229><556><0.2344092~Environment~-10.67181~-104.0888~-421.6968~-143.0864~1~1~None~0~0, 
AmbientSounds: SPOT><so_ind-mechhum01.ogg><389.8045><388.7921><0.326087><1><534.8045><181.7921><-29.35535><-197.3553><0><0.1, 
FadePalette: 2, 0.3835711
MorePalette0: 3, 0.2826087
