Template: o7_settingstemplate_outside
Clouds: 0.1509287
EffectColorA: 6
EffectColorB: 2
Effects: Fog-0.2065221-316.0063-63.42222, 
PlacedObjects: LightBeam><-42.14612><360.3893><99.60422~439.6444~840.2417~456.4444~542.4927~-410.9333~-106.7375~-165.2445~0.1989361~0.1889493~0~1~None~0~0, DandelionPatch><589.8824><175.8749><0~100, DandelionPatch><204.9599><184.9363><0~100, DandelionPatch><159.3929><597.7069><0~100, InsectGroup><437.6885><483.839><8.537476~93.59998~0~0~Moth~0.2370698, CustomDecal><231.1152><311.3342><70.43433~269.6889~537.3094~86.22223~404.2667~-286.5778~-478.1~-126.5778~0.1546648~1~0~o7 - zombiecadas~0.5077332~0~0.5231999~0~0.8247961~0~0~0.6573256, CustomDecal><230.2098><130.3625><-37.70734~143.1111~291.1448~247.6445~321.026~14.22221~-304.5042~-34.13333~0.185597~1~0~greysnoopy~0.6237319~0~0.314402~0.386662~0.1546647~0~0.3762681~0, CustomDecal><56.55403><142.2885><-204.9~608.1777~818.3354~604.6222~624.8187~-168.5333~-296.6781~-119.4667~0~1~0~unq - plate4~0.02561146~1~0.234409~1~0.04107799~1~0.4200068~1, CustomDecal><-15.14645><225.7182><-18.49791~564.7999~453.3573~554.8445~491.776~-273.7778~496.598~76.08887~0~1~0~rust2~0.2989356~1~0.2989356~1~0.2989356~1~0.2989356~1, CustomDecal><608.4418><560.8184><-10.67188~210.6667~280.4729~172.9778~284.7416~-2.844482~-439.6813~-258.8445~0~0.2962753~0~ovu - citycolor~0.3859375~0~0.125068~0~0.1033288~0~0.3968075~0, CustomDecal><-32.66771><142.0889><2.134369~586.1334~311.0656~593.9556~308.9312~-6.40004~421.8948~-29.86671~0.1933309~1~0~ovu - citycolor~0.3349404~0~0.3349404~0~0.3349404~0~0.3349404~0, CustomDecal><378.4159><172.8613><0~40~100.4739~42.13332~109.0114~3.555557~-328.6938~6.400024~0~0.2962749~0~o7 - tree~1~0~1~0~1~0~1~0, CustomDecal><412.9164><557.639><7~249~300~253~296~5~-315~-432~0.8152174~1~0~o7 - clothover~1~0~1~0~1~0~1~0, LightSource><510.0823><729.8177><0.3478261~Environment~-197~-556~-180~-330.3975~1~1~None~0~0, HarmfulSteam><719.1854><425.4249><5~8.660254~0.2~0.4021739~0.3~-72~51, HarmfulSteam><448.4081><200.3224><5~8.660254~0.2~0.6195652~0.3~40~80, 
FadePalette: 2, 0.5002151
BackgroundOffset: 0,-100
