Grime: 0.08695652
BkgDroneVolume: 0.3043478
BkgDroneNoThreatVolume: 1
EffectColorA: 6
Effects: SkyDandelions-0.04347826-20-20, Flies-0.07608695-30-30, Darkness-0-161-115, 
PlacedObjects: LightSource><793.6982><298.2231><0.2086274~EffectColor1~1~126~-203.726~184.5581~0~0~None~0~0, LightSource><664.5439><297.0549><0.2086274~EffectColor1~0~131~37~-49.39746~0~0~None~0~0, CustomDecal><125.6346><207.1021><-1~121~278~128~186~-124~-235.7243~-5.953094~0.2608705~0.4673913~0~pr~0.5760869~0.3478261~0.5~0.3478261~0.2608696~0.3478261~0.5~0.3478261, CustomDecal><459.5549><228.206><-33~216~303~249~359~1~-663~-97~0.2717391~1~0~brainghosts~0.3913043~0.3369565~0.1847826~0.3369565~0.3586957~0.3369565~0.1847826~0.3369565, DandelionPatch><216.1209><249.4094><4~49, DandelionPatch><750.051><182.77><7~67, InsectGroup><582.827><297.8996><0~74~-117~-74~StandardFly~0.07608695, CustomDecal><425.2827><141.9382><0.7114258~342.9333~168.774~343.6444~166.6395~-0.7111053~-396.9937~-65.42224~0.3170627~1~0~o7 - ancient3~0.3890739~0.1778647~0.7293366~0~0.358141~0.1005319~0.7293366~0, LightSource><328.3112><397.3651><0.2266759~Environment~-20.63226~-179.4667~29.36768~-119.6197~1~1~None~0~0, LightSource><231.1833><387.3347><0.2653421~Environment~-23.47812~-186.5778~-311.4209~-186.4641~1~1~None~0~0, FirecrackerPlant><580.8889><180.0837><0~0~2~3, FirecrackerPlant><623.813><174.321><0~0~2~3, CustomDecal><-26.12296><136.1577><-9~459~970~421~896~-91~-267~-10~0~1~0~greybones~0.1086956~1~0.4130435~1~0.173913~1~0.3152174~1, 
AmbientSounds: SPOT><am_ind-electrichum01.ogg><746.1967><352.786><0.4673913><1><662.1967><269.786><43.64465><-16.35535><0><0.1, SPOT><am_ind-electrichum01.ogg><746.1799><352.6627><0.4456522><1><794.1799><275.6627><-35.35534><-35.35534><0><0.1, 
FadePalette: 2, 0.3913043
MorePalette0: 3, 0.2717391
