RainIntensity: 1
RumbleIntensity: 1
BkgDroneNoThreatVolume: 1
Palette: 263
EffectColorA: 5
Effects: Fog-0.07608695-30-30, Flies-0.09782609-28-59, Darkness-0.09782609-20-20, 
PlacedObjects: CustomDecal><1928.989><287.3597><-9.248962~428.9778~291.8562~431.1111~247.7458~2.844452~-357.8636~-75.37782~0.6495925~0.8221356~0~o7 - tree~0.8066692~0~0.8066692~0~0.8066692~0~0.8066692~0, CustomDecal><1912.585><301.6><-9.248962~428.9778~291.8562~431.1111~247.7458~2.844452~-357.8636~-75.37782~0.7887905~1~0~o7 - tree~0.3968075~0~0.3968075~0~0.3968075~0~0.3968075~0, LightBeam><1045.29><640.9459><-52~83~630~87~728~-94~-167~-186~0.1173912~0.1413043~0~1~None~0~0, CustomDecal><1380.679><297.0892><-277~420~848~400~783~-241~-285~-337~0~1~0~unq - plate3~0.3804348~1~0.1086956~1~0.173913~1~0.2826087~1, CustomDecal><1550.652><379.6212><-23~421~371~422~349~-245~-355~-172~0~1~0~rust2~0.3478261~1~0.3478261~1~0.3478261~1~0.3478261~1, CustomDecal><344><295><221~420~848~400~913~-9~-285~-337~0~1~0~unq - plate3~0.09782609~1~0.06521739~1~0.0326087~1~0.2391304~1, CustomDecal><952.8287><342.9338><-5~142~339~135~338~-62~-358~-112~0.1956522~1~0~alienletterb&w~0.25~0.7826087~0.5~0~0.1521739~0.6847826~0.5~0, CustomDecal><356.9093><333.4283><-96~76~202~172~243~-2~-284~-113~0.1847826~1~0~greysnoopy~0.326087~0.6521739~0.5~0~0.1413043~0.5978261~0.5~0, LightSource><782.1122><371.8344><1~EffectColor1~9~195~50~86.60254~1~0~None~0~0, LightSource><1477.907><150.823><1~EffectColor1~8~176~50~86.60254~0~0~None~0~0, LightSource><1473><155><0.1304348~EffectColor1~8~176~50~86.60254~0~1~None~0~0, LightSource><770><381><0.1304348~EffectColor1~8~176~50~86.60254~0~1~None~0~0, DandelionPatch><963.1411><444.8583><155~175, DandelionPatch><2084.888><224.166><1~126, DandelionPatch><1591.035><343.803><21~141, InsectGroup><1178.931><447.6639><-2~81~0~0~Moth~0.2173912, InsectGroup><2130.232><515.3008><-1~76~0~0~Moth~0.3586957, InsectGroup><1668.399><428.1335><0~100~0~0~Wasp~0.2391304, HangingPearls><2008.178><585.9366><, HangingPearls><2065.258><590.5502><, CustomDecal><1560.9><356.368><21~430~337~432~351~-98~-368~-164~0.4891304~1~0~flyingeye~0.25~0~0.3695652~1~0.2608696~0~0.2173913~0, CustomDecal><1705.928><82.40804><-92~120~367~221~298~23~-435~-57.00002~0.3152174~1~0~big letters~0.5978261~0.8695652~0.4891304~0~0.5978261~0.3478261~0.5434783~0, Physalis><802.569><636.5851><, Physalis><858.6375><621.3347><, Physalis><1410.464><416.1968><, CentipedeAttractor><1486.596><214.6219><9~167, HarmfulSteam><956.8873><352.4152><5~8.660254~0.2~0.6304348~0.3~88~67, HarmfulSteam><602.8004><415.2374><5~8.660254~0.2~0.4130435~0.3~-59~30, HarmfulSteam><1361.05><315.2584><5~8.660254~0.2~0.5~0.3~-59~73, CustomDecal><1553.183><349.3309><-11~293~382~346~396~-3~-376~-164~0.4673913~1~0~o7 - anthro slimed decal~0.3804348~0.326087~0.5978261~0~0.5~0.1956522~0.5434783~0, 
AmbientSounds: SPOT><am_env-lightwind.ogg><412.7775><310.6157><0.5><1><1366.485><714.6824><-204.1574><-398.2442><0><0.1, OMNI><am_env-citytone.ogg><618.71><568.0541><0.5><1, SPOT><am_ind-factory04.ogg><911.8535><376.9228><0.3651833><1><2135.139><261.8561><-48.35535><-167.3553><0><0.1, SPOT><basic mech.wav><437.2339><450.4666><0.5817142><1><772.1016><359.4222><11.64465><-204.3553><0><0.1, SPOT><basic mech.wav><740.9495><491.4865><0.5785775><1><1464.949><147.4865><-19.35535><-185.3553><0><0.1, SPOT><msc-ritualmetal.ogg><16.61127><473.9567><0.1752038><1.737751><399.2144><485.9567><-28.95221><-65.93311><0><0.1, SPOT><msc-ritualmetal.ogg><145.4079><623.6566><0.1674707><1.626393><519.4735><602.2344><-37.48972><-63.08868><0><0.1, 
FadePalette: 2, 0.5219542, 0.5250906
MorePalette0: 30, 0.05434782, 0.05434782
BackgroundOffset: 0,530
