O7_GATE_O7_XM: 2257,807,48,35
O7_XM01: 2317,805,95,37
GATE_O7_AB: 1479,641,48,35
O7_ARIDSHELTER: 1450,597,48,35
O7_TM01: 2110,806,143,35
O7_TM02: 1992,763,102,78
O7_TM03: 1842,807,143,35
O7_TM04: 1841,769,143,35
O7_megawallvents: 1012,1017,118,35
O7_wallventinside: 2017,852,48,35
O7_CS0: 2128,855,52,36
O7_CS1: 2127,898,52,72
O7_distantview: 2099,978,52,39
O7_CS4: 1979,975,116,42
O7_S01: 2151,805,56,35
O7_S05: 1588,1050,48,35
O7_CS5: 1852,982,84,35
O7_CS6: 1933,981,48,35
O7_dysonfan: 1793,982,51,38
O7_dysonfan2: 1794,934,52,43
O7_dysoninside: 1738,932,48,35
O7_PR01: 1641,937,49,103
O7_TRADER: 1572,956,48,35
O7_weirdfans: 1411,837,120,35
O7_PR02: 1637,1049,48,38
O7_workinprogress: 1670,1100,140,35
O7_abovedyson: 1794,1035,60,41
O7_waterhouse1: 1416,955,48,35
O7_waterhouse2: 1362,884,50,73
O7_waterhouse3: 1357,1002,48,36
O7_waterhouseroof: 1357,1080,52,35
O7_GLOWSIGN: 1447,883,51,36
O7_S07: 1476,954,48,35
O7_thethreepipes2: 1778,759,48,35
O7_dysonfanbottom: 1715,760,50,74
O7_wall: 1710,836,61,35
O7_wallafter: 1525,846,120,77
O7_wallafter2: 1527,798,48,35
O7_DF06: 1641,868,48,35
O7_DF07: 1735,877,48,35
O7_waterhousepour: 1307,871,48,35
O7_TH01: 1254,871,48,35
O7_TH02: 1119,915,48,35
O7_TH09: 1060,914,48,35
O7_TH03: 1120,961,48,35
O7_TH04: 1057,827,192,78
O7_TH05: 1133,1003,98,35
O7_TH06: 1001,822,53,40
O7_TH07: 868,823,127,37
O7_TH08: 1363,823,48,35
O7_TH10: 1252,825,105,35
O7_constructionsite: 934,1058,62,63
O7_ECHO: 934,1121,62,43
O7_CH01: 968,1020,48,36
O7_CHscav: 986,912,70,38
O7_RH01: 811,822,48,36
O7_RH02: 811,866,48,36
O7_RH03: 811,913,51,36
O7_RH04: 674,913,131,36
O7_RH05: 615,911,54,38
O7_RH06: 748,787,53,81
O7_CHIEFTAINHOME: 751,830,53,38
O7_SHELTERUNLORE: 583,875,48,35
O7_RH07: 646,781,90,35
O7_BEETLEhouse: 701,826,48,34
O7_secretslop: 645,828,53,38
O7_RH10: 556,782,48,35
O7_RH11: 401,781,111,35
O7_RH12: 408,823,58,35
O7_BALLSMALL: 347,739,48,78
O7_wormroof: 823,773,128,37
O7_3HOUSES: 1370,690,72,121
O7_S03: 1371,720,63,27
O7_SWP02: 1234,602,126,35
O7_SWborder: 1338,646,125,37
O7_SW03: 1175,602,52,73
O7_SW04: 1178,687,52,73
O7_SW05: 1119,723,52,35
O7_BALL: 1412,996,208,120
O7_GREENHOUSE: 559,913,53,72
O7_BHview: 402,1039,70,35
O7_BHview2NEW: 400,1081,71,44
O7_SKYSHELTER: 505,1043,48,35
O7_BHmur01: 414,865,48,78
O7_BHmur02: 412,949,49,39
O7_BHmur03: 412,994,49,39
O7_BH02: 471,949,84,35
O7_BH03: 491,997,48,35
O7_BH04: 313,997,94,35
O7_BH05: 316,908,94,35
O7_BH06: 260,922,52,108
O7_BH07: 241,1043,76,35
O7_BH08: 184,1006,48,78
O7_BHbox: 212,971,48,35
O7_BHflyroom: 121,1004,60,36
O7_BH09: 129,963,48,35
O7_BH10: 61,900,64,97
GATE_O7_O8: 10,892,48,35
O7_S06: 13,853,48,35
O7_noideas: 1050,768,48,39
O7_noideas2: 1043,720,62,39
O7_noideas3: 985,773,48,35
O7_batflyideas: 1238,722,52,37
O7_CAVE01: 298,690,120,36
O7_CAVE02: 301,726,48,44
GATE_O7_TX: 427,691,48,35
O7_S08: 410,720,49,35
