GATE_O7_AB: 1477,635,48,35
O7_ARIDSHELTER: 1448,593,48,35
GATE_O7_TM: 2255,798,48,35
O7_TM01: 2110,797,143,35
O7_TM02: 1992,753,102,78
O7_TM03: 1842,798,143,35
O7_TM04: 1841,760,143,35
O7_megawallvents: 1011,1008,118,35
O7_wallventinside: 2017,843,48,35
O7_CS0: 2130,844,52,36
O7_CS1: 2131,890,52,72
O7_distantview: 2099,969,52,39
O7_CS4: 1979,966,116,42
O7_S01: 2151,796,56,35
O7_S05: 1592,1041,48,35
O7_CS5: 1852,973,84,35
O7_CS6: 1933,972,48,35
O7_dysonfan: 1793,973,51,38
O7_dysonfan2: 1794,925,52,43
O7_dysoninside: 1738,923,48,35
O7_PR01: 1641,928,49,103
O7_TRADER: 1572,946,48,35
O7_weirdfans: 1411,828,120,35
O7_PR02: 1637,1040,48,38
O7_workinprogress: 1670,1091,140,35
O7_abovedyson: 1794,1026,60,41
O7_waterhouse1: 1416,946,48,35
O7_waterhouse2: 1362,875,50,73
O7_waterhouse3: 1357,995,48,36
O7_waterhouseroof: 1357,1071,52,35
O7_GLOWSIGN: 1447,874,51,36
O7_S07: 1476,944,48,35
O7_thethreepipes2: 1778,750,48,35
O7_dysonfanbottom: 1715,750,50,74
O7_wall: 1710,827,61,35
O7_wallafter: 1525,837,120,77
O7_wallafter2: 1527,789,48,35
O7_DF06: 1641,858,48,35
O7_DF07: 1735,868,48,35
O7_waterhousepour: 1307,862,48,35
O7_TH01: 1254,861,48,35
O7_TH02: 1119,905,48,35
O7_TH09: 1060,905,48,35
O7_TH03: 1120,952,48,35
O7_TH04: 1059,817,192,78
O7_TH05: 1133,994,98,35
O7_TH06: 1001,813,53,40
O7_TH07: 868,814,127,37
O7_TH08: 1363,813,48,35
O7_TH10: 1252,815,105,35
O7_constructionsite: 936,1050,62,63
O7_ECHO: 936,1113,62,43
O7_CH01: 968,1011,48,36
O7_CHscav: 986,903,70,38
O7_RH01: 811,813,48,36
O7_RH02: 811,856,48,36
O7_RH03: 811,903,51,36
O7_RH04: 674,903,131,36
O7_RH05: 615,902,54,38
O7_RH06: 748,778,53,81
O7_CHIEFTAINHOME: 751,821,53,38
O7_SHELTERUNLORE: 583,865,48,35
O7_RH07: 646,772,90,35
O7_BEETLEhouse: 701,817,48,34
O7_secretslop: 645,819,53,38
O7_RH10: 556,772,48,35
O7_RH11: 401,772,111,35
O7_RH12: 408,814,58,35
O7_BALLSMALL: 347,729,48,78
O7_wormroof: 823,763,128,37
O7_3HOUSES: 1369,679,72,121
O7_S03: 1370,710,63,27
O7_SWP02: 1234,593,126,35
O7_SWborder: 1338,637,125,37
O7_SW03: 1175,593,52,73
O7_SW04: 1178,677,52,73
O7_SW05: 1119,714,52,35
O7_BALL: 1412,987,208,120
O7_GREENHOUSE: 559,904,53,72
O7_BHview: 402,1030,70,35
O7_BHview2NEW: 400,1072,71,44
O7_SKYSHELTER: 505,1034,48,35
O7_BHmur01: 414,856,48,78
O7_BHmur02: 412,939,49,39
O7_BHmur03: 412,985,49,39
O7_BH02: 471,940,84,35
O7_BH03: 491,988,48,35
O7_BH04: 313,988,94,35
O7_BH05: 316,899,94,35
O7_BH06: 260,912,52,108
O7_BH07: 241,1034,76,35
O7_BH08: 184,997,48,78
O7_BHbox: 212,962,48,35
O7_BHflyroom: 121,994,60,36
O7_BH09: 129,954,48,35
O7_BH10: 61,890,64,97
GATE_O7_O8: 10,883,48,35
O7_S06: 13,843,48,35
O7_noideas: 1050,759,48,39
O7_noideas2: 1043,711,62,39
O7_noideas3: 985,764,48,35
O7_batflyideas: 1238,713,52,37
O7_CAVE01: 298,681,120,36
O7_CAVE02: 301,717,48,44
GATE_O7_TX: 427,682,48,35
O7_S08: 410,711,49,35
