Template: NONE
Clouds: 0.173913
Grime: 0.1521739
Palette: 30
EffectColorA: 9
EffectColorB: 2
Effects: SkyDandelions-0.2826087-20-20, 
PlacedObjects: DandelionPatch><-157.6862><713.4271><0~100, DandelionPatch><919.271><205.8011><0~100, CustomDecal><1017><744><-13~471~398~473~399~0~542~254~0.326087~1~0~ovu - citycolor~0.2934783~0~0.2934783~0~0.2934783~0~0.2934783~0, CustomDecal><894.554><537.8447><7~567~879~571~930~-39~-460~-68~0~1~0~rustb2~0.1615826~1~0.3007813~1~0.3471806~1~0.3471806~1, CustomDecal><296><588><7~567~-383~556~-387~-44~-460~-68~0~1~0~rustb2~0.4021739~1~0.4021739~1~0.4021739~1~0.4021739~1, CustomDecal><1185.911><115.1791><-381~34~-240~742~342~655~-962~6~0.326087~1~0~unq - big fishes~0.2391304~0.5869565~0.2629305~0~0.1014381~0.7608696~0.1530344~0, CustomDecal><-113.4498><193.4908><-70~164~358~314~645~91~587.0458~236.2889~0.1760181~1~0~biggreen~0.2934783~0.4347826~0.3804348~0.9347826~0.173913~0.5~0.2799026~0.3804348, CustomDecal><918.3264><215.6508><-87~320~241~398~230~-11~-358~123~0.1630435~1~0~boxheads~0.1304348~0.7717391~0.06521739~0~0.1521739~0.7717391~0.3043478~0, CustomDecal><37.48373><284.8007><-204~141~267~361~237~56~389~124~0.3043478~1~0~shinytag(var)~0.05374809~0.4891304~0.1521739~0.5652174~0.08970775~0.7173913~0.03600543~0.4565217, InsectGroup><1124.637><570.8347><0~100~0~0~Wasp~0.4021739, InsectGroup><-144.3018><392.7766><0~100~0~0~StandardFly~0.1521739, LightSource><1189.069><835.3358><0.3043478~Environment~-30~-514~-364~-333.3975~1~1~None~0~0, LightSource><311.0614><837.3167><0.2391304~Environment~58~-523~64~-286.3975~1~1~None~0~0, CustomDecal><612.8003><626.5102><5~113~160~71~137~-19~-320~-139~0.1630435~1~0~ghostling1~0.5~0.7173913~0.3695652~0.2173913~0.1086956~1~0.5~0.2173913, DandelionPatch><152><708><1~120, CustomDecal><173.399><265.2889><29~267~464~-37~230~-244~237~77~0.1559561~1~0~bluebrownbutblackwhite~0.358141~0.9239131~0.2282609~0~0.2391304~0.8260869~0.1053891~0, CustomDecal><216><244><-204~141~267~361~237~56~389~124~0.1651499~1~0~shinytag(var)~0.2934783~0.4891304~0.1521739~0.5652174~0.3913043~0.7173913~0.2757356~0.4565217, InsectGroup><240><348><0~100~0~0~StandardFly~0.1521739, CustomDecal><34><68><-13~471~393~473~394~0~542~254~0.326087~1~0~ovu - citycolor~0.2934783~0~0.2934783~0~0.2934783~0~0.2934783~0, CustomDecal><1014.996><331.8674><-127.351~203.5555~346.6387~327.2889~356.599~32.71112~-379.2073~12.79999~0.2165315~1~0~big letters~0.2344088~0.6341261~0.4200068~0~0.2266759~0.4639946~0.4200068~0.8661234, 
FadePalette: 2, 0.4456522
