Template: NONE
Clouds: 0
Grime: 0.05147188
Palette: 30
EffectColorA: 6
EffectColorB: 2
Effects: SkyDandelions-0.28613-20-20, 
PlacedObjects: CustomDecal><576.6089><148.9998><5.69165~138.1333~-4.110474~134.5778~-14.07086~-4.977783~-313.7531~25.59996~0~1~0~crudegrey~0.5~0.7655911~0.1674705~0~0.5~0.4562613~0.2370695~0, CustomDecal><571.1047><160.6526><5.69165~69.15555~15.09894~67.73335~13.67603~-2.133331~-579.8385~-14.22224~0~1~0~crudebubblyb&w~0.3608017~0.8119905~0.3608017~0~0.3608017~0~0.3608017~0, InsectGroup><245.7648><375.4446><8.537476~56.62225~0~0~StandardFly~0.1984034, CustomDecal><91.58231><171.6927><-299.524~566.9333~711.6167~527.1111~959.2041~-258.1333~-436.1241~-33.42221~0~1~0~unq - plate3~0~1~0~1~0~1~0~1, InsectGroup><631.7784><503.0928><0~75.11115~0~0~Moth~0.2525356, DandelionPatch><621.7664><103.5325><0~100, DandelionPatch><424.7245><308.4748><0~67.28888, DandelionPatch><730.5694><341.7033><2.134399~81.51111, InsectGroup><381.1058><563.0279><-7.114563~68.71112~0~0~TinyDragonFly~0.2293371, CustomDecal><-199.0938><0.7333946><-4.268777~755.3777~1363.313~758.2222~1359.755~5.688904~-3.557312~363.3778~0.9511888~1~0~o7 -darkbackground~1~0~1~0~1~0~1~0, 
FadePalette: 2, 0.5152513
