Template: NONE
Clouds: 0
Grime: 0.05147188
Palette: 30
EffectColorA: 6
EffectColorB: 2
Effects: SkyDandelions-0.28613-20-20, 
PlacedObjects: CustomDecal><565.2256><158.9554><-115.9677~106.8444~293.9906~177.9556~347.35~23.46666~-313.7531~25.59996~0~1~0~crudegrey~0.5~0.7655911~0.1674705~0~0.5~0.4562613~0.2370695~0, CustomDecal><398.9318><178.4304><5.69165~69.15555~295.4135~75.55557~276.2042~-43.37778~-579.8385~-14.22224~0~1~0~crudebubblyb&w~0.3608017~0.8119905~0.3608017~0~0.3608017~0~0.3608017~0, InsectGroup><384.4992><552.5112><8.537476~56.62225~0~0~StandardFly~0.1984034, CustomDecal><19.01357><193.7372><-66.87708~433.9555~711.6167~527.1111~319.6031~-238.9333~120.9478~34.84444~0~1~0~unq - plate3~0.1597373~1~0.1597373~1~0.1597373~1~0.1597373~1, InsectGroup><876.52><523.715><0~75.11115~0~0~Moth~0.2525356, DandelionPatch><994.5706><131.9769><0~100, DandelionPatch><40.537><348.297><0~67.28888, DandelionPatch><730.5694><341.7033><2.134399~81.51111, InsectGroup><716.9142><590.7612><-7.114563~68.71112~0~0~TinyDragonFly~0.2293371, 
FadePalette: 2, 0.5152513
